-12,303  - 2,071  - 8,533  
-12,295  - 2,071  - 8,525  
-12,289  - 2,071  - 8,519  
-12,284  - 2,071  - 8,517  
-12,283  - 2,071  - 8,514  
-12,279  - 2,071  - 8,509  
-12,279  - 2,071  - 8,510  
-12,276  - 2,071  - 8,506  
-12,274  - 2,071  - 8,505  
-12,274  - 2,071  - 8,505  
-12,273  - 2,070  - 8,503  
-12,270  - 2,071  - 8,500  
-12,269  - 2,071  - 8,499  
-12,269  - 2,071  - 8,499  
-12,269  - 2,071  - 8,498  
-12,267  - 2,071  - 8,498  
-12,266  - 2,071  - 8,496  
-12,266  - 2,072  - 8,496  
-12,267  - 2,071  - 8,496  
-12,266  - 2,071  - 8,494  
-12,264  - 2,071  - 8,494  
-12,264  - 2,071  - 8,494  
-12,261  - 2,072  - 8,491  
-12,261  - 2,071  - 8,491  
-12,261  - 2,071  - 8,491  
-12,260  - 2,071  - 8,490  
-12,261  - 2,071  - 8,491  
-12,260  - 2,071  - 8,490  
-12,260  - 2,071  - 8,490  
-12,259  - 2,072  - 8,490  
-12,256  - 2,071  - 8,488  
-12,257  - 2,072  - 8,487  
-12,256  - 2,071  - 8,487  
-12,378  - 1,935  - 8,514  
-12,391  - 1,914  - 8,514  
-12,713  - 1,317  - 8,366  
-12,771  -   181  - 7,584  
-12,764      889  - 7,386  
-12,575    1,574  - 7,245  
-12,454    2,033  - 7,244  
-12,064    2,827  - 7,652  
-11,388    3,398  - 8,018  
-10,696    3,689  - 8,188  
-10,164    3,836  - 8,301  
- 9,608    3,880  - 8,316  
- 8,767    3,788  - 8,213  
- 7,961    3,448  - 7,953  
- 7,162    2,914  - 7,801  
- 6,649    2,465  - 7,875  
- 6,611    2,242  - 7,559  
- 6,672    2,066  - 7,249  
- 6,616    1,956  - 7,201  
- 6,527    1,852  - 7,228  
- 6,400    1,781  - 7,340  
- 6,287    1,694  - 7,448  
- 6,167    1,687  - 7,663  
- 5,938    1,621  - 8,170  
- 5,807    1,570  - 8,631  
- 5,774    1,552  - 8,769  
- 5,760    1,566  - 8,905  
- 5,750    1,566  - 8,984  
- 5,780    1,653  - 9,022  
- 5,872    1,870  - 9,086  
- 5,974    2,071  - 9,138  
- 5,984    2,103  - 9,117  
- 5,989    2,115  - 9,103  
- 6,028    2,201  - 9,084  
- 6,209    2,477  - 9,157  
- 6,410    2,748  - 9,141  
- 6,517    2,872  - 9,129  
- 6,611    2,984  - 9,204  
- 6,688    3,066  - 9,269  
- 6,801    3,170  - 9,300  
- 6,831    3,183  - 9,517  
- 6,644    2,977  - 9,797  
- 6,822    3,124  - 9,851  
- 7,519    3,583  - 9,950  
- 8,295    3,896  -10,028  
- 8,900    4,026  -10,039  
- 9,549    4,092  - 9,956  
-10,069    4,073  - 9,793  
-10,512    4,006  - 9,634  
-11,172    3,775  - 9,420  
-11,794    3,417  - 9,378  
-12,303    2,991  - 9,330  
-12,758    2,428  - 9,468  
-13,083    1,877  - 9,687  
-13,272    1,215  - 9,975  
-13,392      638  -10,058  
-13,394       89  -10,091  
-13,351  -   261  -10,250  
-13,318  -   470  -10,240  
-13,308  -   637  -10,167  
-13,289  -   696  -10,168  
-13,279  -   721  -10,195  
-13,266  -   758  -10,205  
-13,262  -   777  -10,200  
-13,263  -   767  -10,198  
-13,276  -   721  -10,180  
-13,327  -   514  -10,163  
-13,371  -   224  -10,103  
-13,420      213  -10,040  
-13,345      948  - 9,849  
-13,166    1,671  - 9,722  
-12,755    2,428  - 9,404  
-12,247    3,059  - 9,253  
-11,616    3,545  - 9,003  
-11,003    3,784  - 8,465  
-10,347    3,876  - 7,975  
- 9,615    3,793  - 7,496  
- 8,943    3,665  - 7,274  
- 8,308    3,346  - 6,956  
- 7,493    2,897  - 6,864  
- 6,793    2,311  - 6,833  
- 6,297      920  - 6,519  
- 6,120      571  - 6,614  
- 6,161      169  - 6,515  
- 6,540  -   152  - 6,098  
- 7,074  -   184  - 5,679  
- 7,768       73  - 5,308  
- 8,501      296  - 5,095  
- 9,119      414  - 5,040  
- 9,620      443  - 5,067  
-10,226      568  - 5,199  
-10,902      671  - 5,469  
-11,380      764  - 5,754  
-11,838      860  - 6,120  
-12,156      893  - 6,434  
-12,482      998  - 6,852  
-12,680    1,042  - 7,160  
-12,808    1,011  - 7,367  
-12,925      969  - 7,576  
-12,960      929  - 7,632  
-12,842      856  - 7,369  
-12,554      748  - 6,880  
-12,159      779  - 6,408  
-11,723      805  - 6,006  
-11,159      764  - 5,615  
-10,489      691  - 5,299  
- 9,717      590  - 5,102  
- 8,783      561  - 5,087  
- 7,663      342  - 5,362  
- 6,769      202  - 5,878  
- 6,251      119  - 6,361  
- 6,069      108  - 6,581  
- 6,035       90  - 6,628  
- 6,232       71  - 6,387  
- 7,129       86  - 5,638  
- 8,630      307  - 5,107  
- 9,828      505  - 5,125  
-10,751      810  - 5,437  
-11,369      852  - 5,769  
-11,822      794  - 6,097  
-12,207      830  - 6,474  
-12,503      909  - 6,852  
-12,813      861  - 7,306  
-13,071      692  - 7,793  
-13,281      600  - 8,370  
-13,405      470  - 8,935  
-13,456      342  - 9,382  
-13,430      154  - 9,920  
-13,331  -   235  -10,397  
-13,017  - 1,153  -10,555  
-12,712  - 1,965  -10,179  
-12,417  - 2,463  - 9,281  
-12,012  - 2,708  - 8,375  
-11,264  - 3,021  - 7,779  
-10,463  - 3,127  - 7,266  
- 9,830  - 2,908  - 6,726  
- 9,093  - 2,638  - 6,370  
- 8,633  - 2,379  - 6,207  
- 8,203  - 2,189  - 6,171  
- 7,888  - 1,977  - 6,148  
- 8,232  - 2,149  - 6,140  
- 8,864  - 2,634  - 6,391  
- 9,825  - 2,996  - 6,837  
-10,794  - 3,135  - 7,518  
-11,573  - 3,062  - 8,445  
-12,081  - 2,784  - 9,328  
-12,372  - 2,338  -10,226  
-12,679  - 1,760  -10,624  
-12,924  - 1,204  -10,714  
-13,196  -   679  -10,528  
-13,376  -   123  -10,031  
-13,436      444  - 9,394  
-13,292      923  - 8,701  
-12,987    1,486  - 8,038  
-12,518    1,980  - 7,485  
-12,139    2,247  - 7,138  
-11,881    2,305  - 6,873  
-11,778    2,296  - 6,757  
-11,683    2,128  - 6,542  
-11,622    1,935  - 6,366  
-11,635    1,806  - 6,302  
-11,779    1,682  - 6,357  
-12,174    1,545  - 6,680  
-12,686    1,395  - 7,324  
-13,124    1,024  - 8,054  
-13,331      794  - 8,786  
-13,412      514  - 9,423  
-13,376      356  - 9,962  
-13,279       74  -10,476  
-13,142  -   125  -10,849  
-12,977  -   228  -11,210  
-12,814  -   319  -11,458  
-12,621  -   334  -11,720  
-12,418  -   381  -11,937  
-12,182  -   514  -12,147  
-11,975  -   624  -12,289  
-11,850  -   624  -12,380  
-11,737  -   668  -12,441  
-11,652  -   700  -12,488  
-11,595  -   642  -12,540  
-11,559  -   575  -12,572  
-11,677  -   345  -12,548  
-12,087  -   335  -12,256  
-12,640  -   496  -11,640  
-13,055  -   878  -10,764  
-13,167  - 1,114  -10,071  
-13,089  - 1,456  - 9,704  
-12,669  - 2,152  - 9,710  
-11,979  - 2,894  - 9,793  
-11,042  - 3,463  - 9,903  
- 9,771  - 3,679  -10,502  
- 8,718  - 3,485  -10,915  
- 7,821  - 3,040  -11,237  
- 7,382  - 2,722  -11,354  
- 7,587  - 3,010  -11,117  
- 8,366  - 3,635  -10,426  
- 9,375  - 3,853  - 9,934  
-10,527  - 3,727  - 9,092  
-11,409  - 3,314  - 8,894  
-11,350  - 3,348  - 8,932  
-10,341  - 3,782  - 9,285  
- 9,052  - 3,856  - 9,819  
- 7,811  - 3,366  -10,656  
- 7,201  - 2,507  -11,501  
- 7,074  - 2,101  -11,813  
- 7,119  - 2,126  -11,837  
- 7,106  - 2,145  -11,803  
- 7,322  - 2,060  -12,049  
- 7,618  - 1,731  -12,446  
- 8,104  - 1,321  -12,859  
- 8,006  - 1,783  -12,615  
- 8,063  - 3,449  -10,800  
- 9,025  - 3,913  - 8,656  
-10,455  - 3,529  - 7,905  
-11,802  - 2,776  - 7,996  
-12,772  - 1,808  - 8,414  
-13,266  -   575  - 8,673  
-13,284    1,134  - 8,774  
-12,637    2,450  - 8,707  
-11,900    3,196  - 8,498  
-10,827    3,658  - 7,963  
- 9,666    3,880  - 7,864  
- 8,877    3,914  - 8,015  
- 8,462    3,876  - 8,163  
- 8,142    3,720  - 7,967  
- 8,017    3,664  - 7,934  
- 8,053    3,684  - 7,953  
- 8,076    3,697  - 7,963  
- 8,091    3,706  - 7,975  
- 8,154    3,744  - 8,023  
- 8,602    3,858  - 8,006  
- 9,984    4,004  - 8,395  
-11,405    3,510  - 8,368  
-12,256    2,744  - 8,147  
-12,760    1,870  - 7,952  
-13,020    1,203  - 7,906  
-13,115      534  - 7,880  
-13,066  -   761  - 7,963  
-12,284  - 2,169  - 7,794  
-11,170  - 3,150  - 7,777  
-10,313  - 3,526  - 7,797  
- 9,611  - 3,698  - 7,883  
- 9,320  - 3,734  - 7,940  
- 9,137  - 3,739  - 7,950  
- 9,052  - 3,727  - 7,925  
- 9,039  - 3,738  - 7,959  
- 9,019  - 3,750  - 7,996  
- 9,041  - 3,754  - 8,006  
- 9,193  - 3,749  - 7,976  
- 9,978  - 3,670  - 7,969  
-11,258  - 3,138  - 7,853  
-12,521  - 1,746  - 7,697  
-13,085      236  - 7,747  
-12,410    2,110  - 7,612  
-11,432    3,189  - 7,684  
-10,144    3,795  - 7,779  
- 9,418    3,965  - 8,048  
- 8,992    3,971  - 8,119  
- 8,715    3,931  - 8,138  
- 8,475    3,845  - 8,043  
- 8,340    3,826  - 8,134  
- 8,308    3,836  - 8,204  
- 8,325    3,844  - 8,223  
- 8,613    3,863  - 8,089  
- 9,113    3,844  - 7,837  
- 9,540    3,788  - 7,697  
-10,041    3,826  - 7,928  
-10,514    3,819  - 8,274  
-10,925    3,700  - 8,444  
-11,228    3,588  - 8,668  
-11,287    3,577  - 8,842  
-11,267    3,605  - 9,002  
-11,353    3,567  - 9,156  
-11,331    3,580  - 9,166  
-11,333    3,580  - 9,183  
-11,321    3,584  - 9,188  
-11,264    3,617  - 9,196  
-10,774    3,826  - 8,939  
- 9,892    3,942  - 8,327  
- 8,769    3,862  - 8,056  
- 8,047    3,733  - 8,252  
- 7,682    3,667  - 8,550  
- 7,685    3,689  - 8,612  
- 7,762    3,727  - 8,591  
- 7,787    3,741  - 8,592  
- 7,644    3,719  - 8,793  
- 7,413    3,657  - 9,157  
- 7,461    3,704  - 9,533  
- 7,594    3,781  - 9,644  
- 7,601    3,786  - 9,668  
- 7,292    3,543  -10,021  
- 6,451    2,798  -10,064  
- 5,457    1,227  - 9,316  
- 5,324  -   286  - 8,811  
- 5,442  -   781  - 8,436  
- 5,552  - 1,051  - 8,262  
- 5,646  - 1,204  - 8,085  
- 5,732  - 1,302  - 7,937  
- 5,773  - 1,315  - 7,834  
- 5,791  - 1,315  - 7,789  
- 5,833  - 1,326  - 7,698  
- 5,859  - 1,337  - 7,651  
- 5,878  - 1,335  - 7,604  
- 5,886  - 1,324  - 7,578  
- 5,895  - 1,308  - 7,547  
- 5,898  - 1,319  - 7,549  
- 5,907  - 1,325  - 7,535  
- 5,917  - 1,332  - 7,519  
- 5,914  - 1,303  - 7,508  
- 5,839  - 1,116  - 7,511  
- 5,783  -   927  - 7,522  
- 5,729  -   730  - 7,528  
- 5,676  -   444  - 7,553  
- 5,606  -    90  - 7,631  
- 5,640    1,095  - 8,054  
- 6,662    2,938  - 8,304  
- 8,560    3,898  - 8,165  
-10,301    3,823  - 8,041  
-11,638    3,174  - 7,956  
-12,523    2,245  - 7,926  
-12,964    1,346  - 7,969  
-13,157      797  - 8,066  
-13,170      700  - 8,060  
-13,187      722  - 8,134  
-13,181      744  - 8,128  
-13,206      753  - 8,213  
-13,187      715  - 8,146  
-13,184      608  - 8,091  
-13,217      653  - 8,201  
-13,252      620  - 8,300  
-13,255      583  - 8,292  
-13,245      598  - 8,265  
-13,253      579  - 8,287  
-13,278      505  - 8,344  
-13,276      408  - 8,329  
-13,274      333  - 8,290  
-13,282      287  - 8,324  
-13,292      294  - 8,359  
-13,150      419  - 7,906  
-12,764      615  - 7,136  
-12,175      993  - 6,423  
-11,213    1,153  - 5,680  
-10,191    1,006  - 5,196  
- 9,265      591  - 4,997  
- 8,809      596  - 5,011  
- 8,654      655  - 5,036  
- 8,672      574  - 5,022  
- 8,551      516  - 5,034  
- 8,367      509  - 5,067  
- 8,335      494  - 5,072  
- 8,344      465  - 5,068  
- 8,314      448  - 5,073  
- 8,312      432  - 5,073  
- 8,337      457  - 5,068  
- 9,070      452  - 4,991  
-10,456      406  - 5,215  
-11,683      385  - 5,893  
-12,361      368  - 6,563  
-12,801      419  - 7,208  
-13,081      419  - 7,770  
-13,256      436  - 8,282  
-13,383      357  - 8,840  
-13,409      225  - 9,544  
-13,312      187  -10,140  
-13,122      147  -10,698  
-12,843      169  -11,218  
-12,581      213  -11,592  
-12,404      294  -11,786  
-12,283      322  -11,911  
-12,211      327  -11,980  
-12,148      287  -12,038  
-12,164      287  -12,029  
-12,165      286  -12,023  
-12,128      290  -12,058  
-12,125      312  -12,062  
-12,125      340  -12,057  
-12,132      349  -12,051  
-12,138      342  -12,046  
-12,166      338  -12,020  
-12,214      340  -11,977  
-12,218      360  -11,971  
-12,174      367  -12,008  
-12,117      375  -12,061  
-12,146      393  -12,031  
-12,179      406  -12,004  
-12,159      414  -12,020  
-12,233      407  -11,950  
-12,696      291  -11,462  
-13,180      239  -10,667  
-13,409      213  - 9,618  
-13,366      161  - 8,956  
-13,292      185  - 8,503  
-13,253      129  - 8,324  
-13,265      100  - 8,363  
-13,286      119  - 8,461  
-13,288      161  - 8,471  
-13,288      174  - 8,474  
-13,285      187  - 8,457  
-13,285      185  - 8,455  
-13,286      170  - 8,456  
-13,286       89  - 8,471  
-13,289       66  - 8,478  
-13,315      112  - 8,592  
-13,370      162  - 8,918  
-13,410      232  - 9,464  
-13,347      232  -10,106  
-13,086      165  -10,827  
-12,765      108  -11,352  
-12,479       59  -11,696  
-12,295       86  -11,874  
-12,246      114  -11,922  
-12,280      166  -11,888  
-12,508      224  -11,663  
-13,024      375  -10,899  
-13,371      552  - 9,785  
-13,387      519  - 9,040  
-13,343      364  - 8,695  
-13,331      154  - 8,599  
-13,328  -    42  - 8,658  
-13,305  -   200  - 8,602  
-13,200  -   266  - 8,216  
-13,088  -   284  - 7,878  
-12,988  -   286  - 7,627  
-12,947  -   280  - 7,530  
-12,860  -   254  - 7,341  
-12,640  -   275  - 6,964  
-12,421  -   321  - 6,659  
-12,359  -   316  - 6,574  
-12,246  -   279  - 6,428  
-12,102  -   221  - 6,265  
-11,933  -   411  - 6,130  
-11,769  -   520  - 6,009  
-11,583  -   565  - 5,873  
-11,458  -   542  - 5,775  
-11,334  -   510  - 5,688  
-11,219  -   502  - 5,617  
-11,029  -   438  - 5,500  
-10,983  -   367  - 5,463  
-10,871  -   253  - 5,396  
-10,519  -   258  - 5,250  
-10,181  -   187  - 5,138  
- 9,820  -   233  - 5,065  
- 9,474  -   174  - 5,021  
- 9,221  -    82  - 5,005  
- 9,005  -    86  - 5,010  
- 8,782  -    07  - 5,025  
- 8,571       02  - 5,055  
- 8,498       00  - 5,067  
- 8,463       31  - 5,076  
- 8,402       22  - 5,091  
- 8,260       68  - 5,122  
- 7,958      202  - 5,208  
- 7,768      223  - 5,278  
- 7,745      185  - 5,287  
- 7,687      181  - 5,307  
- 7,639      163  - 5,327  
- 7,567      227  - 5,359  
- 7,401      307  - 5,443  
- 7,443      279  - 5,420  
- 7,510      261  - 5,386  
- 7,453      257  - 5,412  
- 7,343      247  - 5,469  
- 7,303      216  - 5,486  
- 7,122      176  - 5,590  
- 6,966      264  - 5,696  
- 6,732      213  - 5,865  
- 6,577      180  - 5,992  
- 6,543      163  - 6,024  
- 6,510      151  - 6,054  
- 6,469      134  - 6,093  
- 6,389       81  - 6,168  
- 6,278      101  - 6,284  
- 6,216       93  - 6,356  
- 6,154       96  - 6,427  
- 6,042      163  - 6,571  
- 5,876      272  - 6,815  
- 5,789      323  - 6,973  
- 5,591      330  - 7,359  
- 5,341      185  - 8,053  
- 5,285      225  - 8,316  
- 5,254      320  - 8,596  
- 5,240      415  - 9,045  
- 5,249      315  - 9,397  
- 5,259      333  - 9,495  
- 5,267      415  - 9,509  
- 5,279      335  - 9,648  
- 5,288      363  - 9,684  
- 5,290      461  - 9,649  
- 5,292      458  - 9,654  
- 5,276      473  - 9,525  
- 5,273      516  - 9,425  
- 5,282      554  - 9,458  
- 5,309      653  - 9,566  
- 5,354      663  - 9,828  
- 5,401      558  -10,086  
- 5,466      552  -10,299  
- 5,617      399  -10,725  
- 5,817      377  -11,128  
- 5,884      335  -11,244  
- 5,927      296  -11,317  
- 5,920      291  -11,307  
- 5,803      327  -11,116  
- 5,491      302  -10,446  
- 5,279      290  - 9,617  
- 5,234      181  - 8,769  
- 5,361      183  - 7,981  
- 5,799       95  - 6,920  
- 6,170       11  - 6,403  
- 6,521  -    80  - 6,032  
- 6,922  -   154  - 5,715  
- 7,277  -   173  - 5,495  
- 7,526  -   207  - 5,370  
- 7,774  -   174  - 5,265  
- 8,076  -    98  - 5,160  
- 8,494  -    84  - 5,064  
- 8,861  -    66  - 5,017  
- 9,156  -    58  - 5,003  
- 9,609       22  - 5,025  
-10,185       66  - 5,131  
-10,652      158  - 5,280  
-10,990      174  - 5,432  
-11,386      198  - 5,659  
-11,711      267  - 5,892  
-11,971      326  - 6,116  
-12,217      418  - 6,366  
-12,558      477  - 6,782  
-12,824      472  - 7,195  
-12,984      484  - 7,511  
-13,052      466  - 7,665  
-13,125      421  - 7,849  
-13,250      404  - 8,254  
-13,335      327  - 8,639  
-13,374      225  - 8,970  
-13,386      183  - 9,164  
-13,384      140  - 9,273  
-13,383       96  - 9,334  
-13,379      103  - 9,191  
-13,373      101  - 9,059  
-13,369      180  - 8,995  
-13,358      245  - 8,925  
-13,356      249  - 8,863  
-13,347      279  - 8,824  
-13,344      333  - 8,797  
-13,344      348  - 8,792  
-13,340      353  - 8,754  
-13,340      367  - 8,758  
-13,341      341  - 8,773  
-13,341      337  - 8,780  
-13,343      356  - 8,797  
-13,345      364  - 8,835  
-13,348      385  - 8,893  
-13,360      370  - 8,983  
-13,364      396  - 9,108  
-13,366      428  - 9,342  
-13,344      474  - 9,679  
-13,308      483  - 9,909  
-13,275      488  -10,075  
-13,223      508  -10,271  
-13,140      492  -10,542  
-13,045      481  -10,787  
-12,945      472  -11,000  
-12,852      484  -11,166  
-12,790      448  -11,274  
-12,709      410  -11,404  
-12,467      359  -11,725  
-12,290      404  -11,919  
-12,199      425  -12,014  
-12,168      455  -12,037  
-12,080      461  -12,118  
-11,965      468  -12,215  
-11,874      513  -12,282  
-11,818      564  -12,316  
-11,707      611  -12,391  
-11,608      623  -12,455  
-11,526      647  -12,510  
-11,444      647  -12,558  
-11,382      692  -12,587  
-11,305      732  -12,622  
-11,274      702  -12,642  
-11,259      670  -12,657  
-11,241      692  -12,664  
-11,235      707  -12,665  
-11,229      719  -12,665  
-11,203      744  -12,672  
-11,215      733  -12,672  
-11,218      736  -12,666  
-11,212      740  -12,669  
-11,200      753  -12,673  
-11,197      761  -12,674  
-11,222      696  -12,677  
-11,506      465  -12,530  
-12,244      279  -11,964  
-12,886      240  -11,092  
-13,262      198  -10,140  
-13,340      151  - 8,862  
-13,043       78  - 7,706  
-12,515      103  - 6,787  
-11,871      150  - 6,105  
-11,131      112  - 5,597  
-10,614       31  - 5,359  
-10,157       12  - 5,218  
- 9,838  -    75  - 5,154  
- 9,530  -   180  - 5,123  
- 9,323  -   261  - 5,117  
- 9,113  -   282  - 5,122  
- 8,913  -   257  - 5,131  
- 8,822  -   261  - 5,141  
- 8,780  -   258  - 5,145  
- 8,738  -   185  - 5,145  
- 8,740  -   143  - 5,142  
- 8,744  -   116  - 5,140  
- 8,638  -    64  - 5,154  
- 8,561  -    10  - 5,165  
- 8,389      106  - 5,199  
- 8,188      173  - 5,249  
- 7,998      275  - 5,313  
- 7,689      571  - 5,463  
- 7,410      841  - 5,642  
- 7,166      647  - 5,744  
- 7,127      457  - 5,749  
- 7,189      351  - 5,695  
- 7,307      322  - 5,624  
- 7,425      707  - 5,606  
- 7,722    1,138  - 5,583  
- 7,853    1,695  - 5,734  
- 8,262    2,574  - 6,186  
- 8,584    3,595  - 7,288  
- 8,556    3,975  - 8,349  
- 8,248    3,984  - 9,481  
- 8,223    3,709  -10,662  
- 8,384    3,104  -11,758  
- 8,481    2,539  -12,328  
- 8,540    2,033  -12,684  
- 8,361    1,249  -12,941  
- 8,384      660  -13,091  
- 8,358      106  -13,104  
- 8,219  -   348  -13,046  
- 8,203  -   612  -12,995  
- 8,213  -   448  -13,033  
- 8,337      999  -12,978  
- 8,489    2,483  -12,382  
- 8,391    3,534  -11,146  
- 8,403    4,004  - 9,758  
- 8,560    3,947  - 8,230  
- 8,433    3,024  - 6,520  
- 8,700    1,833  - 5,580  
- 8,711      268  - 5,145  
- 9,091  - 2,114  - 5,788  
- 8,828  - 3,515  - 7,356  
- 8,871  - 3,936  - 9,032  
- 9,002  - 3,593  -10,838  
- 8,658  - 2,459  -12,248  
- 8,633  - 1,209  -12,982  
- 8,774  -    21  -13,197  
- 8,963      849  -13,195  
- 9,422    1,015  -13,189  
-10,485    1,108  -13,032  
-11,641      436  -12,646  
-12,584       66  -11,744  
-12,996  -   195  -11,059  
-13,164  -   410  -10,544  
-13,281  -   505  -10,018  
-13,320  -   503  - 9,704  
-13,318  -   518  - 9,681  
-13,242  -   520  -10,178  
-12,807  -   551  -11,282  
-12,165  -   487  -12,122  
-10,983  -   531  -12,883  
- 9,794  -   587  -13,166  
- 8,675  -   813  -13,064  
- 7,535  - 1,304  -12,469  
- 6,799  - 1,902  -11,553  
- 6,531  - 2,540  -10,343  
- 6,513  - 2,785  - 9,049  
- 7,097  - 3,077  - 8,025  
- 8,200  - 3,343  - 7,413  
- 9,406  - 3,030  - 6,666  
-10,301  - 2,408  - 6,203  
-10,970  - 1,746  - 6,037  
-11,105  -   675  - 5,677  
-10,570      509  - 5,381  
- 9,709      868  - 5,230  
- 9,150    1,011  - 5,238  
- 8,368    1,216  - 5,396  
- 7,623    1,616  - 5,843  
- 7,381    3,010  - 7,173  
- 7,692    3,651  - 8,266  
- 8,183    3,956  - 9,485  
- 8,702    3,884  -10,524  
- 8,927    3,543  -11,330  
- 9,093    3,028  -12,022  
- 8,927    3,024  -12,003  
- 8,861    2,936  -12,074  
- 8,764    3,164  -11,805  
- 8,990    4,057  - 9,951  
- 9,081    3,793  - 7,601  
- 9,540    2,411  - 5,881  
- 9,609      575  - 5,192  
- 9,229  -   605  - 5,183  
- 9,160  - 2,181  - 5,865  
- 9,277  - 3,815  - 8,204  
- 9,932  - 3,585  -10,689  
-10,059  - 2,379  -12,325  
-10,344  -   803  -12,983  
-10,989    1,605  -12,701  
-10,793    2,794  -11,961  
-10,663    3,284  -11,474  
-10,561    3,426  -11,305  
-11,239      353  -12,742  
-10,827  - 1,392  -12,705  
-10,413  - 2,763  -11,824  
- 9,766  - 3,664  -10,589  
- 9,496  - 3,920  - 9,135  
- 9,260  - 3,714  - 7,884  
- 9,064  - 2,967  - 6,593  
- 8,941  - 1,658  - 5,551  
- 8,869      243  - 5,185  
- 8,996    1,821  - 5,533  
- 9,353    2,615  - 6,029  
- 9,656    2,571  - 6,021  
-10,026    1,673  - 5,545  
-10,442       73  - 5,351  
-10,407  - 1,939  - 5,912  
-10,442  - 3,366  - 7,569  
-10,519  - 3,648  - 9,824  
-10,184  - 2,224  -12,270  
-10,021      532  -13,173  
- 9,742    1,851  -12,785  
- 9,601    3,091  -11,925  
- 9,608    3,617  -11,199  
- 9,461    3,907  -10,571  
- 9,131    3,997  -10,260  
- 8,514    3,869  -10,318  
- 7,977    3,772  -10,009  
- 7,330    3,532  - 9,292  
- 7,411    3,529  - 8,585  
- 7,840    3,675  - 8,266  
- 8,089    3,628  - 7,836  
- 8,209    3,351  - 7,182  
- 8,338    3,550  - 7,470  
- 8,425    3,650  - 7,642  
- 8,347    3,576  - 7,524  
- 8,063    3,540  - 7,651  
- 7,582    3,596  - 8,474  
- 7,083    3,327  - 9,685  
- 7,261    2,867  -11,127  
- 8,102    2,556  -12,103  
- 8,875    2,148  -12,641  
- 9,464    1,712  -12,910  
-10,040    1,516  -12,953  
-10,683    1,255  -12,882  
-11,422    1,042  -12,614  
-12,109      181  -12,186  
-12,571  -   326  -11,689  
-12,487  - 1,458  -11,187  
-11,648  - 3,014  -10,275  
-10,159  - 3,735  - 8,411  
- 8,857  - 3,376  - 7,187  
- 7,816  - 2,452  - 6,435  
- 6,854  - 1,529  - 6,377  
- 6,279  -   437  - 6,573  
- 5,895      791  - 7,151  
- 6,009    2,059  - 8,189  
- 6,744    3,094  - 8,645  
- 7,905    3,755  - 8,386  
- 9,100    3,901  - 7,911  
-10,332    3,667  - 7,564  
-11,445    2,834  - 7,111  
-12,043    1,712  - 6,725  
-12,460      461  - 6,733  
-12,413  -   670  - 6,818  
-12,168  - 1,501  - 6,934  
-11,804  - 1,910  - 6,848  
-11,423  - 2,063  - 6,623  
-10,889  - 2,222  - 6,377  
-10,231  - 2,671  - 6,482  
- 9,815  - 3,277  - 7,109  
- 9,647  - 3,610  - 7,727  
- 9,677  - 3,829  - 8,519  
-10,244  - 3,714  - 9,977  
-11,100  - 2,970  -11,119  
-12,002  - 1,169  -11,919  
-12,696      660  -11,523  
-12,904    1,811  -10,156  
-12,914    1,938  - 8,838  
-12,627    1,858  - 7,768  
-12,322    1,739  - 7,166  
-12,898    1,377  - 7,950  
-13,261  -    77  - 9,764  
-12,338  - 1,921  -10,942  
-10,791  - 3,008  -11,181  
- 8,825  - 3,427  -10,919  
- 7,316  - 3,151  -10,188  
- 6,590  - 2,776  - 8,828  
- 6,696  - 2,414  - 7,514  
- 7,584  - 2,218  - 6,415  
- 8,940  - 1,830  - 5,715  
-10,551  - 1,340  - 5,695  
-11,847  - 1,098  - 6,387  
-12,577  - 1,376  - 7,469  
-12,924  - 1,346  - 8,325  
-13,033  - 1,365  - 9,203  
-13,130  -   944  - 9,977  
-13,148  -   167  -10,381  
-13,299      582  - 9,660  
-13,167      641  - 8,279  
-12,772  -   228  - 7,355  
-12,218  - 2,074  - 7,686  
-11,534  - 3,117  - 8,718  
-11,498  - 3,165  - 9,568  
-11,857  - 2,726  -10,326  
-12,411  - 2,001  -10,493  
-12,817  - 1,419  -10,237  
-12,883  - 1,430  - 9,715  
-12,847  - 1,469  - 9,420  
-12,737  - 1,647  - 9,141  
-12,417  - 2,103  - 8,916  
-12,143  - 2,465  - 8,844  
-12,077  - 2,605  - 9,102  
-12,058  - 2,648  - 9,482  
-11,874  - 2,806  - 9,748  
-11,842  - 2,794  -10,013  
-12,107  - 2,438  -10,442  
-12,371  - 1,749  -11,039  
-12,333  -   873  -11,782  
-11,743       24  -12,463  
-10,632      633  -13,010  
- 9,376      824  -13,150  
- 8,684      989  -13,064  
- 8,187    1,165  -12,902  
- 7,785    1,474  -12,676  
- 7,692    1,709  -12,545  
- 8,210    2,035  -12,622  
- 8,704    1,887  -12,839  
- 8,941    1,441  -13,045  
- 9,297    1,262  -13,135  
- 9,558      692  -13,222  
- 9,627  -   383  -13,241  
- 9,306  - 1,676  -12,806  
- 8,753  - 2,469  -12,252  
- 8,356  - 2,750  -11,853  
- 8,034  - 2,780  -11,651  
- 8,105  - 2,902  -11,522  
- 8,538  - 2,979  -11,594  
- 9,214  - 2,890  -11,833  
- 9,615  - 2,875  -11,838  
- 9,733  - 2,842  -11,857  
- 9,742  - 2,745  -11,957  
- 9,404  - 2,659  -12,065  
- 8,642  - 2,496  -12,115  
- 8,068  - 2,538  -11,878  
- 7,366  - 2,619  -11,332  
- 7,135  - 2,792  -10,864  
- 6,903  - 2,934  -10,246  
- 6,529  - 2,711  - 9,951  
- 6,226  - 2,525  - 9,413  
- 6,098  - 2,344  - 8,544  
- 6,071  - 2,089  - 7,919  
- 6,117  - 1,626  - 7,243  
- 6,677  - 1,536  - 6,467  
- 7,116  - 1,658  - 6,167  
- 7,666  - 2,158  - 6,180  
- 8,076  - 2,634  - 6,400  
- 8,641  - 2,812  - 6,442  
- 9,216  - 2,535  - 6,144  
- 9,748  - 2,427  - 6,125  
-10,272  - 2,646  - 6,474  
-11,022  - 2,780  - 7,096  
-11,572  - 2,631  - 7,477  
-12,086  - 2,316  - 7,783  
-12,476  - 2,030  - 8,072  
-12,990  - 1,259  - 8,251  
-13,314       35  - 8,491  
-12,971    1,437  - 8,499  
-12,243    2,583  - 8,176  
-10,999    3,292  - 7,469  
-10,075    3,300  - 6,860  
- 9,283    2,790  - 6,182  
- 8,407    2,272  - 5,907  
- 7,699    2,026  - 6,048  
- 7,502    2,217  - 6,303  
- 7,436    2,234  - 6,372  
- 7,515    2,417  - 6,480  
- 7,984    3,087  - 6,876  
- 9,314    3,779  - 7,590  
-10,653    3,665  - 7,953  
-12,005    2,882  - 8,176  
-13,023    1,402  - 8,292  
-13,125  -    47  - 8,070  
-12,797  - 1,355  - 8,010  
-11,972  - 2,459  - 7,914  
-11,114  - 3,172  - 8,072  
-10,374  - 3,501  - 8,169  
- 9,728  - 3,629  - 8,165  
- 9,260  - 3,626  - 8,097  
- 9,178  - 3,683  - 8,358  
- 9,800  - 3,699  - 8,656  
-10,977  - 3,374  - 9,084  
-12,282  - 2,427  - 9,251  
-13,102  -   913  - 8,720  
-13,071      839  - 8,089  
-12,289    1,972  - 7,352  
-11,242    2,740  - 6,891  
-10,249    3,141  - 6,751  
- 9,375    3,171  - 6,623  
- 8,970    3,277  - 6,749  
- 8,887    3,393  - 6,885  
- 9,201    3,291  - 6,651  
- 9,218    3,070  - 6,333  
- 8,724    2,755  - 6,052  
- 8,164    2,392  - 5,893  
- 8,484    2,331  - 5,772  
- 9,248    2,090  - 5,547  
-10,039    1,417  - 5,354  
-10,430      634  - 5,280  
-10,627  -    54  - 5,336  
-10,794  -   357  - 5,443  
-10,686  -   543  - 5,437  
-10,577  -   763  - 5,446  
-10,496  -   865  - 5,443  
-10,768  -   725  - 5,512  
-11,328  -   108  - 5,702  
-11,658    1,094  - 6,048  
-11,262    2,396  - 6,465  
-10,565    3,203  - 6,867  
- 9,834    3,585  - 7,136  
- 9,673    3,778  - 7,484  
- 8,973    3,942  - 7,910  
- 7,723    3,784  - 8,793  
- 6,708    3,057  - 9,942  
- 6,092    1,377  -11,236  
- 6,327      386  -11,919  
- 7,299      929  -12,645  
- 8,417    2,256  -12,561  
- 9,982    3,437  -11,604  
-10,066    4,129  - 9,552  
-10,190    3,485  - 7,139  
-10,433    1,969  - 5,803  
-10,410    1,362  - 5,518  
-10,407    1,910  - 5,749  
- 9,599    2,809  - 6,221  
- 8,325    3,160  - 6,753  
- 7,503    3,178  - 7,317  
- 6,874    2,988  - 7,705  
- 6,822    3,208  - 8,261  
- 7,470    3,595  - 8,018  
- 8,260    3,307  - 6,792  
- 9,074    2,662  - 5,981  
-10,049    2,122  - 5,721  
-11,156    1,558  - 5,892  
-11,485    1,841  - 6,257  
-11,049    2,547  - 6,472  
-10,292    3,104  - 6,666  
- 9,493    3,423  - 6,871  
- 8,655    3,705  - 7,473  
- 7,496    3,602  - 8,251  
- 6,701    3,229  - 9,234  
- 6,972    3,477  - 9,274  
- 7,767    3,822  - 8,375  
- 8,829    3,580  - 7,088  
- 9,635    3,004  - 6,334  
-10,875    2,462  - 6,285  
-11,729    2,294  - 6,783  
-11,582    2,948  - 7,400  
-10,489    3,709  - 7,801  
- 8,702    3,840  - 7,818  
- 7,027    3,260  - 8,136  
- 6,546    3,068  - 8,936  
- 6,979    3,466  - 9,091  
- 7,623    3,466  - 7,569  
- 8,590    2,878  - 6,242  
- 9,972    1,697  - 5,529  
-11,169      892  - 5,703  
-11,834    1,203  - 6,261  
-11,842    2,187  - 6,838  
-11,068    3,181  - 7,243  
- 9,687    3,744  - 7,534  
- 8,353    3,726  - 7,768  
- 7,250    3,320  - 8,041  
- 6,710    2,960  - 8,240  
- 6,639    2,942  - 8,414  
- 7,663    3,638  - 8,399  
- 9,657    3,902  - 7,907  
-11,534    2,861  - 7,270  
-12,166    1,291  - 6,640  
-12,194       99  - 6,403  
-12,089  - 1,001  - 6,555  
-12,028  - 1,876  - 7,086  
-12,037  - 2,452  - 7,965  
-12,115  - 2,617  - 8,936  
-12,044  - 2,646  - 9,650  
-12,411  - 2,107  -10,035  
-13,017  - 1,014  -10,056  
-13,235      446  - 9,344  
-12,464    2,015  - 7,832  
-10,653    2,486  - 6,252  
- 8,964    1,863  - 5,564  
- 8,694    1,410  - 5,502  
- 8,893    1,523  - 5,602  
- 9,618    2,239  - 6,009  
-10,511    3,164  - 7,210  
-11,506    3,073  - 8,037  
-11,719    2,805  - 7,791  
-11,560    2,649  - 7,248  
-10,989    2,458  - 6,374  
- 9,946    1,968  - 5,601  
- 9,258    1,434  - 5,385  
- 9,179    1,299  - 5,450  
- 9,352    1,812  - 5,727  
-10,070    2,808  - 6,563  
-10,960    3,014  - 7,286  
-11,422    2,791  - 7,398  
-11,356    2,392  - 6,802  
-10,986    2,020  - 6,093  
-10,144    1,573  - 5,432  
- 9,458    1,182  - 5,272  
- 9,251    1,057  - 5,334  
- 9,513    1,664  - 5,628  
-10,086    2,410  - 6,210  
-10,807    2,915  - 7,031  
-11,264    2,819  - 7,272  
-11,400    2,568  - 7,058  
-11,228    2,374  - 6,620  
-10,777    2,201  - 6,025  
- 9,969    1,946  - 5,562  
- 9,319    1,664  - 5,429  
- 9,093    1,450  - 5,450  
- 9,317    1,775  - 5,668  
- 9,995    2,413  - 6,179  
-10,745    2,689  - 6,720  
-11,326    2,652  - 7,086  
-11,576    2,392  - 7,004  
-11,367    2,084  - 6,509  
-10,886    1,673  - 5,876  
-10,087      894  - 5,273  
- 9,336      126  - 5,127  
- 9,025  -    46  - 5,184  
- 9,214      385  - 5,255  
- 9,510      685  - 5,346  
- 9,742      638  - 5,378  
- 9,778      524  - 5,366  
- 9,471      254  - 5,299  
- 8,947  -   558  - 5,303  
- 8,354  -   620  - 5,362  
- 8,102      680  - 5,411  
- 8,941    2,052  - 5,645  
-10,177    2,479  - 6,081  
-11,429    2,315  - 6,667  
-12,286    1,660  - 7,088  
-12,973      633  - 7,619  
-13,069  -   701  - 8,053  
-12,598  - 1,998  - 8,385  
-11,579  - 3,023  - 8,309  
-10,588  - 3,527  - 8,180  
- 9,978  - 3,706  - 8,219  
- 9,202  - 3,676  - 7,888  
- 8,684  - 3,520  - 7,631  
- 8,266  - 3,313  - 7,386  
- 8,062  - 3,189  - 7,305  
- 8,072  - 3,218  - 7,356  
- 8,302  - 3,357  - 7,476  
- 9,067  - 3,597  - 7,797  
-10,164  - 3,655  - 8,313  
-11,366  - 3,175  - 8,407  
-12,326  - 2,355  - 8,290  
-12,941  - 1,021  - 8,006  
-12,879      403  - 7,479  
-12,328    1,452  - 7,013  
-11,609    2,026  - 6,577  
-10,568    2,079  - 5,981  
- 9,586    2,111  - 5,795  
- 8,822    2,302  - 5,947  
- 8,380    2,357  - 6,068  
- 8,318    2,386  - 6,117  
- 9,242    2,883  - 6,377  
-10,365    2,850  - 6,513  
-11,909    2,287  - 7,129  
-12,729    1,361  - 7,677  
-13,217  -   176  - 8,238  
-12,728  - 1,774  - 8,398  
-11,868  - 2,827  - 8,463  
-11,052  - 3,336  - 8,336  
-10,355  - 3,573  - 8,182  
- 9,772  - 3,621  - 7,961  
- 9,267  - 3,545  - 7,662  
- 8,797  - 3,417  - 7,479  
- 8,451  - 3,280  - 7,338  
- 8,291  - 3,271  - 7,402  
- 8,538  - 3,472  - 7,724  
- 8,930  - 3,625  - 7,967  
- 9,563  - 3,752  - 8,440  
-10,332  - 3,633  - 8,403  
-11,101  - 3,268  - 8,136  
-11,887  - 2,569  - 7,759  
-12,499  - 1,376  - 7,295  
-12,503      205  - 6,740  
-11,591    1,544  - 6,188  
-10,492    2,234  - 5,974  
- 9,507    2,693  - 6,112  
- 8,245    2,682  - 6,295  
- 7,273    2,469  - 6,628  
- 6,602    2,359  - 7,205  
- 6,203    2,348  - 7,847  
- 5,980    2,393  - 8,616  
- 5,875    2,335  - 9,087  
- 5,813    2,229  - 9,200  
- 6,197    2,699  - 8,957  
- 7,225    3,474  - 8,631  
- 8,743    4,006  - 8,588  
-10,660    3,920  - 9,161  
-12,119    3,000  - 9,715  
-12,963    1,844  - 9,231  
-12,813    1,391  - 7,669  
-11,845    1,227  - 6,260  
-10,881      711  - 5,466  
-10,123  -   540  - 5,196  
- 9,696  - 1,676  - 5,512  
- 9,015  - 2,626  - 6,167  
- 8,501  - 2,970  - 6,702  
- 8,462  - 3,216  - 7,152  
- 9,146  - 3,497  - 7,665  
-10,499  - 3,560  - 8,612  
-11,732  - 2,880  - 8,440  
-12,608  - 1,586  - 7,719  
-12,582       20  - 6,914  
-11,763    1,287  - 6,176  
-10,119    1,660  - 5,479  
- 8,550    1,354  - 5,397  
- 7,171      623  - 5,812  
- 6,724      136  - 6,086  
- 6,824      181  - 6,012  
- 7,028      359  - 5,872  
- 7,588    1,449  - 5,777  
- 9,425    2,558  - 5,957  
-11,546    1,512  - 6,140  
-11,986  -   591  - 6,350  
-11,454  - 1,903  - 6,597  
-10,979  - 2,540  - 6,844  
-11,163  - 2,404  - 6,831  
-11,893  - 1,515  - 6,686  
-12,290  -    93  - 6,546  
-11,889    1,770  - 6,569  
- 9,637    2,659  - 6,106  
- 7,810    2,191  - 6,116  
- 7,037    1,700  - 6,306  
- 6,947    1,545  - 6,287  
- 7,451    1,891  - 6,097  
- 8,574    2,462  - 5,963  
-10,142    2,006  - 5,642  
-10,577      216  - 5,285  
-10,515  - 1,374  - 5,624  
- 9,890  - 2,414  - 6,114  
- 9,241  - 3,224  - 7,011  
- 9,313  - 3,771  - 8,430  
-10,227  - 3,684  - 9,514  
-11,428  - 3,015  -10,257  
-12,855  - 1,036  -10,310  
-13,102    1,391  - 8,956  
-11,863    2,034  - 6,771  
-10,544    1,669  - 5,717  
- 9,546    1,372  - 5,351  
- 8,682    1,115  - 5,223  
- 8,363      996  - 5,204  
- 8,151      788  - 5,202  
- 8,226      732  - 5,179  
- 7,939      649  - 5,247  
- 7,677      652  - 5,336  
- 7,355      674  - 5,478  
- 7,483      554  - 5,394  
- 8,364      503  - 5,102  
- 9,958      560  - 5,145  
-11,511      578  - 5,865  
-12,677      575  - 7,116  
-13,122      615  - 8,141  
-13,220      729  - 8,735  
-13,238      780  - 9,111  
-13,239      781  - 9,073  
-13,245      729  - 8,997  
-13,258      647  - 8,926  
-13,134      629  - 8,154  
-12,522      773  - 6,889  
-11,566      879  - 5,908  
-10,152    1,082  - 5,258  
- 8,456      843  - 5,129  
- 7,325      485  - 5,440  
- 6,543      506  - 5,992  
- 5,803      985  - 7,074  
- 5,459    1,455  - 8,407  
- 5,342    1,221  - 9,183  
- 5,243      296  - 9,503  
- 5,247  -   215  - 9,203  
- 5,358  -   750  - 8,913  
- 5,545  - 1,317  - 8,759  
- 5,748  - 1,684  - 8,611  
- 6,133  - 2,276  - 8,513  
- 6,690  - 2,850  - 8,553  
- 6,952  - 3,076  - 8,656  
- 6,983  - 3,109  - 8,743  
- 6,897  - 3,046  - 8,736  
- 6,334  - 2,363  - 8,100  
- 5,760  -   590  - 7,527  
- 5,973    1,507  - 7,488  
- 6,949    3,077  - 8,111  
- 8,415    3,942  - 8,782  
- 9,991    4,041  - 9,125  
-11,530    3,421  - 9,228  
-12,574    2,542  - 9,024  
-13,477    1,379  - 9,145  
-13,626  -   126  - 9,346  
-13,441  -   695  - 9,459  
-13,416  -   192  - 9,880  
-13,321      414  -10,079  
-13,117    1,401  -10,028  
-12,253    2,863  - 9,556  
-10,977    3,837  - 9,231  
- 9,180    4,209  - 8,995  
- 6,985    3,467  - 9,013  
- 5,561    1,654  - 9,100  
- 5,231  -    17  - 8,937  
- 5,492  - 1,311  - 8,883  
- 5,706  - 1,764  - 8,646  
- 5,735  - 1,772  - 8,502  
- 5,603  - 1,376  - 8,310  
- 5,509  -   649  - 7,872  
- 5,489      318  - 7,817  
- 5,796    1,720  - 7,891  
- 6,907    3,154  - 8,043  
- 8,420    3,828  - 7,766  
- 9,869    3,510  - 6,939  
-10,612    2,268  - 5,952  
-10,398      644  - 5,235  
- 9,584  -   876  - 5,141  
- 8,659  - 1,714  - 5,455  
- 7,941  - 1,741  - 5,710  
- 7,584  - 1,292  - 5,734  
- 7,659  -   707  - 5,570  
- 7,529  -   151  - 5,598  
- 7,263      238  - 5,762  
- 6,994      547  - 5,978  
- 6,413      554  - 6,430  
- 5,614  -   254  - 7,404  
- 5,410  - 1,222  - 8,418  
- 5,980  - 2,555  - 9,005  
- 7,764  - 3,831  - 9,144  
- 9,715  - 3,942  - 8,356  
-11,425  - 2,824  - 7,427  
-12,610  - 1,332  - 7,503  
-13,295      125  - 8,936  
-12,597  -   149  -11,348  
-10,969  - 2,338  -11,810  
- 9,388  - 3,695  - 9,959  
- 8,678  - 3,677  - 8,479  
- 8,590  - 3,509  - 7,952  
- 8,802  - 3,672  - 8,355  
- 9,409  - 3,793  - 9,448  
-10,691  - 3,030  -11,057  
-12,218  - 1,392  -11,480  
-13,238      150  - 9,869  
-12,472      469  - 6,916  
-10,344  -   488  - 5,381  
- 8,571  - 1,175  - 5,342  
- 7,441  - 1,169  - 5,622  
- 6,605  -   862  - 6,029  
- 6,193      373  - 6,299  
- 6,514      947  - 6,211  
- 7,258    1,293  - 5,846  
- 8,727      995  - 5,300  
-10,322  -   255  - 5,386  
-12,307  -   949  - 6,873  
-13,235      543  - 8,858  
-11,995    2,936  -10,206  
- 9,778    4,016  -10,016  
- 7,941    3,817  - 9,551  
- 7,148    3,420  - 9,210  
- 6,864    3,203  - 8,993  
- 6,795    3,120  - 8,734  
- 7,533    3,635  - 8,925  
- 9,527    4,082  - 9,250  
-11,841    3,137  - 9,654  
-13,210    1,336  - 9,441  
-13,151  -   612  - 8,349  
-11,973  - 2,010  - 7,279  
-10,148  - 2,675  - 6,550  
- 8,713  - 2,561  - 6,308  
- 8,309  - 2,601  - 6,497  
- 8,592  - 2,851  - 6,707  
- 8,998  - 3,149  - 6,996  
-10,246  - 3,248  - 7,417  
-11,939  - 2,531  - 7,890  
-13,069  -    91  - 8,167  
-11,488    3,167  - 8,010  
- 8,515    3,596  - 7,561  
- 6,638    2,099  - 7,000  
- 6,179      686  - 6,778  
- 6,015      133  - 6,885  
- 6,007  -   295  - 6,926  
- 5,981       84  - 6,956  
- 5,920    1,065  - 7,266  
- 6,763    2,824  - 7,946  
- 9,346    4,018  - 8,827  
-12,012    3,010  - 9,281  
-13,189    1,471  - 9,010  
-13,299  -    97  - 8,310  
-12,738  - 1,209  - 7,697  
-11,349  - 2,260  - 6,860  
-10,227  - 3,116  - 7,166  
- 9,863  - 2,945  - 6,769  
- 9,494  - 2,543  - 6,218  
- 9,244  - 2,328  - 5,967  
- 8,983  - 2,149  - 5,762  
- 8,763  - 1,873  - 5,549  
- 8,501  - 1,781  - 5,495  
- 8,305  - 1,964  - 5,619  
- 8,246  - 1,976  - 5,633  
- 8,229  - 1,983  - 5,637  
- 8,282  - 1,965  - 5,613  
- 8,255  - 1,940  - 5,606  
- 8,335  - 1,606  - 5,416  
- 8,964  -   726  - 5,069  
- 9,218  -   378  - 5,006  
- 9,133  -   403  - 5,009  
- 9,124  -   302  - 4,999  
- 8,933  -   319  - 5,013  
- 8,590  -   729  - 5,129  
- 8,341  -   873  - 5,218  
- 8,514  -   338  - 5,090  
- 8,535      123  - 5,073  
- 8,458      355  - 5,090  
- 8,423      611  - 5,125  
- 8,135      761  - 5,203  
- 8,006      886  - 5,260  
- 8,276    1,087  - 5,219  
- 8,127    1,127  - 5,268  
- 8,279    1,043  - 5,199  
- 8,422    1,187  - 5,227  
-10,218      682  - 5,224  
-11,199      708  - 5,683  
-12,025    1,091  - 6,457  
-12,575    1,292  - 7,255  
-12,893    1,449  - 8,177  
-12,921    1,555  - 8,765  
-12,832    1,694  - 8,883  
-12,758    1,821  - 8,800  
-12,732    1,865  - 8,734  
-12,842    1,640  - 8,638  
-13,150      898  - 8,460  
-13,117  -   671  - 8,151  
-12,217  - 2,385  - 8,050  
-10,421  - 3,467  - 7,847  
- 8,656  - 3,664  - 7,952  
- 7,366  - 3,153  - 7,844  
- 6,566  - 2,445  - 7,621  
- 6,410  - 2,178  - 7,507  
- 6,409  - 2,159  - 7,484  
- 6,343  - 1,990  - 7,396  
- 6,291  - 1,888  - 7,372  
- 6,366  - 2,121  - 7,542  
- 6,796  - 2,851  - 8,021  
- 8,471  - 3,742  - 8,525  
-11,536  - 3,116  - 8,509  
-12,955  - 1,123  - 8,158  
-12,823      634  - 7,528  
-12,366    1,689  - 7,209  
-11,579    2,399  - 6,811  
-10,708    3,059  - 6,803  
-10,495    3,317  - 7,016  
-10,167    3,444  - 7,070  
- 9,900    3,446  - 7,020  
- 9,824    3,380  - 6,918  
- 9,723    3,309  - 6,809  
- 9,633    3,227  - 6,702  
- 9,480    3,197  - 6,664  
- 9,320    3,197  - 6,671  
- 9,224    3,298  - 6,809  
- 9,496    3,296  - 6,818  
- 9,735    3,053  - 6,547  
- 9,709    2,761  - 6,186  
- 9,565    2,355  - 5,738  
- 9,211    1,880  - 5,386  
- 9,021    1,457  - 5,175  
- 8,635    1,280  - 5,146  
- 8,488    1,210  - 5,144  
- 8,459    1,221  - 5,150  
- 8,404    1,194  - 5,154  
- 8,298    1,156  - 5,161  
- 8,141    1,223  - 5,211  
- 8,805      808  - 4,990  
- 9,467       56  - 4,940  
-10,850  -   480  - 5,405  
-11,899  -   725  - 6,234  
-12,482  - 1,010  - 7,062  
-12,607  - 1,447  - 7,628  
-12,384  - 1,982  - 7,845  
-11,616  - 2,759  - 7,834  
-10,112  - 3,296  - 7,390  
- 8,975  - 3,368  - 7,329  
- 8,402  - 3,268  - 7,284  
- 7,906  - 2,979  - 7,086  
- 7,251  - 2,734  - 7,212  
- 7,053  - 2,674  - 7,318  
- 6,922  - 2,626  - 7,383  
- 6,648  - 2,361  - 7,382  
- 6,292  - 2,026  - 7,479  
- 6,105  - 1,759  - 7,518  
- 5,901  - 1,384  - 7,528  
- 5,794  - 1,251  - 7,658  
- 5,721  -   923  - 7,578  
- 5,665  -   765  - 7,623  
- 5,672  -   869  - 7,663  
- 5,652  -   807  - 7,686  
- 5,630  -   696  - 7,679  
- 5,663  -   883  - 7,704  
- 6,056  - 2,045  - 8,131  
- 7,499  - 3,438  - 8,417  
- 9,634  - 3,754  - 8,217  
-11,187  - 3,174  - 7,923  
-12,382  - 1,924  - 7,700  
-12,916  -   478  - 7,720  
-12,777      680  - 7,522  
-12,405    1,551  - 7,222  
-11,753    2,125  - 6,796  
-11,046    2,338  - 6,397  
-10,665    2,457  - 6,298  
-10,171    2,578  - 6,218  
-10,021    2,631  - 6,199  
- 9,943    2,842  - 6,334  
-10,642    3,141  - 6,836  
-11,297    3,322  - 7,510  
-12,358    2,885  - 8,491  
-13,091    1,600  - 9,815  
-12,991  -   297  -10,946  
-12,385  - 1,830  -10,806  
-12,094  - 2,473  -10,329  
-12,351  - 2,393  - 9,707  
-12,505  - 2,218  - 8,614  
-12,366  - 1,825  - 7,407  
-11,768  - 1,414  - 6,299  
-10,685  - 1,150  - 5,448  
- 9,314  - 1,101  - 5,091  
- 8,334  - 1,050  - 5,134  
- 7,687  - 1,200  - 5,371  
- 7,353  - 1,581  - 5,669  
- 7,351  - 1,885  - 5,835  
- 7,198  - 1,902  - 5,938  
- 7,417  - 1,962  - 5,855  
- 7,951  - 2,081  - 5,698  
- 9,417  - 2,432  - 5,792  
-10,884  - 2,458  - 6,341  
-11,776  - 2,333  - 7,098  
-12,174  - 2,454  - 8,104  
-12,132  - 2,645  - 9,584  
-11,246  - 3,226  - 9,843  
-10,116  - 3,677  - 8,815  
- 9,261  - 3,267  - 7,263  
- 8,307  - 2,286  - 6,232  
- 7,325  - 1,095  - 6,036  
- 6,157  -   279  - 6,813  
- 5,426  -    39  - 8,266  
- 5,394  -   719  - 9,668  
- 6,045  - 2,050  -10,373  
- 6,978  - 3,029  -10,358  
- 8,165  - 3,676  -10,110  
- 8,376  - 3,785  - 9,410  
- 7,961  - 3,585  - 8,581  
- 7,382  - 3,072  - 7,733  
- 6,579  - 1,840  - 7,036  
- 5,728  -   887  - 7,659  
- 5,381  -   689  - 8,852  
- 5,741  - 1,485  -10,187  
- 6,755  - 2,513  -10,943  
- 8,076  - 3,233  -11,085  
- 9,797  - 3,518  -10,827  
-11,418  - 2,857  -10,746  
-12,214  - 1,743  -11,154  
-12,724  -    17  -11,035  
-12,768    1,808  -10,160  
-12,276    3,025  - 8,746  
-11,028    3,497  - 7,390  
- 9,514    3,336  - 6,679  
- 8,576    2,904  - 6,401  
- 7,528    2,652  - 6,717  
- 7,161    2,534  - 6,869  
- 6,983    2,492  - 6,943  
- 7,687    2,870  - 6,710  
- 9,933    2,805  - 6,233  
-11,773    1,876  - 6,497  
-12,312    2,035  - 7,314  
-12,155    2,751  - 8,002  
-11,193    3,515  - 7,972  
- 9,700    3,561  - 7,154  
- 8,708    3,022  - 6,552  
- 8,052    2,534  - 6,290  
- 7,775    2,479  - 6,337  
- 7,928    2,792  - 6,528  
- 9,296    2,978  - 6,370  
-11,726    2,207  - 6,738  
-12,986      463  - 7,518  
-12,931  - 1,018  - 7,880  
-12,306  - 2,377  - 8,231  
-11,102  - 3,363  - 8,374  
-10,121  - 3,743  - 8,494  
-10,217  - 3,757  - 8,746  
-11,244  - 3,372  - 8,951  
-12,611  - 2,114  - 8,727  
-13,053      242  - 7,871  
-12,159    2,106  - 7,175  
-10,640    3,047  - 6,775  
- 9,530    3,243  - 6,675  
- 9,024    3,194  - 6,639  
- 8,848    3,248  - 6,798  
- 8,990    3,401  - 7,109  
- 8,620    3,274  - 7,185  
- 8,299    3,128  - 7,101  
- 8,007    2,908  - 6,875  
- 7,975    2,987  - 6,877  
- 8,383    3,299  - 7,015  
- 9,108    3,410  - 6,973  
- 9,896    3,366  - 6,997  
-10,838    3,083  - 7,011  
-11,989    2,410  - 7,324  
-12,777    1,090  - 7,642  
-13,037  -   448  - 7,972  
-12,742  - 1,483  - 7,979  
-12,228  - 2,315  - 7,932  
-11,232  - 3,081  - 7,751  
-10,208  - 3,547  - 7,802  
- 9,212  - 3,633  - 7,739  
- 8,619  - 3,424  - 7,403  
- 8,504  - 3,292  - 7,240  
- 8,756  - 3,424  - 7,445  
- 9,224  - 3,578  - 7,729  
- 9,844  - 3,683  - 8,228  
-10,629  - 3,617  - 9,119  
-11,498  - 3,039  -10,167  
-12,138  - 2,286  -10,662  
-12,634  - 1,697  -10,392  
-13,006  - 1,211  - 9,843  
-13,128  - 1,023  - 8,937  
-13,019  -   913  - 8,119  
-12,617  - 1,233  - 7,330  
-11,667  - 1,581  - 6,315  
-10,252  - 1,538  - 5,482  
- 7,880  -   732  - 5,274  
- 6,236      319  - 6,288  
- 5,670    1,174  - 7,648  
- 5,943    2,240  - 9,227  
- 6,717    2,814  -10,334  
- 7,270    2,945  -10,915  
- 7,361    2,933  -11,024  
- 6,919    2,611  -10,974  
- 5,930    1,861  -10,244  
- 5,296      692  - 9,152  
- 5,351  -   244  - 7,822  
- 6,111  - 1,030  - 6,593  
- 7,379  - 1,288  - 5,606  
- 8,715  -   880  - 5,091  
- 9,720  -   158  - 5,034  
-10,532      798  - 5,326  
-11,745    1,449  - 6,267  
-12,195    2,173  - 7,306  
-12,028    3,007  - 8,283  
-11,359    3,643  - 8,796  
-10,344    4,004  - 8,716  
- 9,218    3,790  - 7,840  
- 8,482    2,984  - 6,883  
- 7,947    1,428  - 5,888  
- 7,847  -   247  - 5,570  
- 7,535  - 1,602  - 6,109  
- 6,742  - 2,119  - 7,085  
- 5,624  - 1,322  - 8,323  
- 5,240  -    31  - 9,464  
- 5,486    1,712  - 9,586  
- 6,521    3,237  - 8,718  
- 7,353    3,508  - 7,590  
- 8,367    3,119  - 6,374  
- 8,772    2,338  - 5,713  
-10,037    1,616  - 5,446  
-11,766      897  - 6,125  
-12,952      574  - 7,679  
-13,255      531  - 8,862  
-13,249  -    53  - 9,588  
-12,950  - 1,310  - 9,832  
-11,599  - 2,999  - 8,825  
- 9,486  - 3,463  - 7,566  
- 7,954  - 2,726  - 6,799  
- 6,783  - 1,281  - 6,383  
- 6,095  -   770  - 6,892  
- 5,678  -   616  - 7,450  
- 5,514  - 1,240  - 8,170  
- 5,806  - 2,123  - 8,549  
- 6,383  - 2,787  - 8,088  
- 7,096  - 3,080  - 7,408  
- 7,667  - 3,245  - 7,105  
- 8,036  - 3,234  - 6,875  
- 7,761  - 2,963  - 6,691  
- 7,942  - 2,459  - 6,109  
- 8,937  - 1,311  - 5,320  
-10,606      333  - 5,386  
-12,077    1,598  - 6,751  
-12,535    2,275  - 8,371  
-12,119    2,903  - 8,798  
-11,369    3,350  - 8,158  
-10,836    3,470  - 7,658  
-10,322    3,632  - 7,479  
-10,198    3,789  - 7,635  
-10,285    3,946  - 7,948  
-10,040    4,053  - 8,088  
- 9,879    4,059  - 8,048  
- 9,997    4,066  - 8,118  
-10,728    3,862  - 8,228  
-11,668    3,266  - 8,347  
-12,522    2,195  - 8,145  
-12,873      582  - 7,537  
-12,251  - 1,165  - 6,779  
-10,806  - 1,991  - 6,009  
- 9,244  - 1,972  - 5,531  
- 8,304  - 1,684  - 5,452  
- 7,630  - 1,180  - 5,435  
- 7,670  - 1,032  - 5,355  
- 7,605  -   736  - 5,293  
- 7,623  -   639  - 5,293  
- 8,072  -   242  - 5,149  
- 8,802      452  - 5,125  
- 9,375    1,554  - 5,460  
-10,017    2,214  - 5,951  
-10,941    2,297  - 6,323  
-11,799    2,546  - 7,146  
-12,483    2,618  - 8,362  
-12,807    1,961  -10,172  
-12,725       46  -11,350  
-11,860  - 2,015  -11,245  
-10,669  - 3,431  -10,059  
- 9,745  - 3,610  - 8,190  
- 9,284  - 3,306  - 7,291  
- 9,098  - 3,233  - 7,160  
- 9,136  - 3,362  - 7,403  
- 9,897  - 3,650  - 8,375  
-11,402  - 3,123  - 9,787  
-12,866  - 1,306  -10,388  
-13,284      550  - 9,756  
-13,150    1,515  - 8,762  
-12,582    2,060  - 7,706  
-11,840    2,110  - 6,757  
-11,039    1,792  - 6,017  
-10,239    1,522  - 5,601  
- 9,198    1,254  - 5,346  
- 7,885    1,047  - 5,436  
- 7,045    1,088  - 5,769  
- 7,130    1,501  - 5,824  
- 7,659    1,918  - 5,729  
- 7,664    2,191  - 5,930  
- 7,510    2,498  - 6,291  
- 7,693    2,784  - 6,535  
- 8,147    3,002  - 6,614  
- 8,878    3,084  - 6,558  
- 9,859    2,699  - 6,241  
-11,007    1,834  - 6,027  
-12,212    1,117  - 6,633  
-12,829      996  - 7,634  
-12,961    1,291  - 8,440  
-12,859    1,826  - 8,932  
-12,407    2,669  - 9,212  
-11,808    3,285  - 8,833  
-11,202    3,607  - 8,440  
-11,015    3,640  - 8,232  
-10,927    3,667  - 8,198  
-11,170    3,521  - 8,097  
-11,694    3,163  - 8,134  
-12,320    2,490  - 8,309  
-12,968    1,288  - 8,405  
-13,134  -   147  - 8,225  
-12,957  - 1,092  - 8,022  
-12,449  - 1,819  - 7,646  
-11,638  - 2,207  - 6,919  
-10,480  - 2,001  - 5,926  
- 9,533  - 1,589  - 5,375  
- 8,800  - 1,412  - 5,239  
- 8,249  - 1,109  - 5,192  
- 7,613  -   663  - 5,281  
- 7,349  -   368  - 5,324  
- 7,397       02  - 5,284  
- 7,783      316  - 5,133  
- 8,307      813  - 5,075  
- 9,575    1,116  - 5,096  
-11,072    1,061  - 5,610  
-12,402      797  - 6,711  
-13,011      780  - 7,822  
-13,262      545  - 8,715  
-13,289      220  - 9,369  
-13,189      552  - 9,996  
-13,086    1,062  -10,252  
-12,797    2,528  -10,374  
-11,704    3,680  - 9,652  
-10,420    4,006  - 8,362  
- 9,581    3,399  - 6,970  
- 8,406    1,552  - 5,756  
- 7,800      151  - 5,575  
- 7,804  -   590  - 5,629  
- 7,818  -   595  - 5,609  
- 7,774  -   591  - 5,621  
- 7,647  -   543  - 5,659  
- 7,555  -   337  - 5,669  
- 7,800      768  - 5,676  
- 8,502    2,587  - 6,325  
-10,090    3,869  - 8,266  
-11,949    3,020  -10,081  
-12,842    1,834  - 9,876  
-13,109    1,384  - 8,750  
-12,718    1,258  - 7,430  
-11,864    1,238  - 6,306  
-10,823      714  - 5,454  
- 9,512  -   470  - 5,082  
- 7,817  - 1,325  - 5,471  
- 6,742  - 1,790  - 6,346  
- 5,701  - 1,200  - 7,458  
- 5,358      664  - 8,521  
- 5,944    2,063  - 8,434  
- 6,896    2,671  - 7,496  
- 8,010    2,402  - 6,353  
- 9,203      517  - 5,308  
-10,930  - 1,855  - 6,276  
-12,279  - 2,085  - 7,917  
-13,053  - 1,029  - 8,757  
-13,263  -    31  - 8,774  
-13,121      457  - 8,149  
-12,767      786  - 7,363  
-12,028    1,084  - 6,455  
-11,160    1,347  - 5,832  
- 9,978    1,818  - 5,505  
- 8,761    2,018  - 5,491  
- 7,971    1,973  - 5,601  
- 7,274    1,701  - 5,745  
- 6,819    1,185  - 5,824  
- 6,743      929  - 5,800  
- 6,924      766  - 5,648  
- 7,407      625  - 5,363  
- 8,557      327  - 5,017  
-10,105  -    18  - 5,130  
-11,195       24  - 5,628  
-11,975      298  - 6,259  
-12,162      696  - 6,528  
-12,231      776  - 6,631  
-12,487      762  - 6,939  
-12,914      974  - 7,677  
-13,227    1,070  - 8,629  
-13,302      773  - 9,625  
-13,255      685  - 9,893  
-13,268      626  - 9,830  
-13,121      788  -10,192  
-12,896    1,390  -10,422  
-12,309    2,691  - 9,799  
-10,989    3,556  - 7,894  
- 9,569    3,274  - 6,798  
- 9,133    2,748  - 6,342  
- 8,946    2,569  - 6,259  
- 8,561    2,430  - 6,222  
- 8,391    2,329  - 6,186  
- 8,163    2,312  - 6,244  
- 8,183    2,408  - 6,314  
- 8,305    2,636  - 6,482  
- 8,482    3,021  - 6,845  
- 9,520    3,920  - 8,327  
-11,284    3,386  -10,500  
-12,351    2,183  -10,724  
-12,885    1,464  -10,409  
-13,086    1,196  -10,082  
-13,271      977  - 9,801  
-13,371      648  - 9,557  
-13,430      236  - 9,316  
-13,353  -   462  - 9,135  
-13,227  -   942  - 8,987  
-13,107  -   883  - 8,252  
-12,958  -   679  - 7,719  
-12,427  - 1,074  - 7,011  
-11,562  - 1,962  - 6,618  
-10,744  - 2,597  - 6,598  
- 9,969  - 3,028  - 6,779  
- 9,203  - 3,216  - 6,956  
- 8,384  - 3,202  - 7,092  
- 7,626  - 3,018  - 7,266  
- 7,188  - 2,864  - 7,421  
- 6,850  - 2,612  - 7,457  
- 6,814  - 2,253  - 7,030  
- 6,782  - 1,976  - 6,800  
- 6,331  - 1,570  - 7,036  
- 6,134  - 1,446  - 7,240  
- 6,232  - 1,591  - 7,228  
- 6,949  - 2,352  - 7,117  
- 8,063  - 3,442  - 8,038  
- 8,393  - 3,637  - 8,494  
- 8,682  - 3,732  - 9,090  
-10,106  - 3,622  - 9,932  
-11,822  - 2,586  -10,461  
-12,675  - 1,586  -10,347  
-13,226      684  - 9,102  
-12,476    2,042  - 7,702  
-11,007    2,611  - 6,548  
-10,260    2,933  - 6,481  
- 9,624    2,945  - 6,308  
- 8,681    2,988  - 6,341  
- 7,723    2,985  - 6,690  
- 6,963    2,828  - 7,080  
- 6,749    2,736  - 7,160  
- 6,657    2,790  - 7,369  
- 6,562    2,269  - 6,908  
- 8,736    2,739  - 6,103  
-11,369    1,059  - 5,868  
-12,191  -   800  - 6,608  
-11,913  - 2,444  - 7,600  
-10,293  - 3,472  - 7,746  
- 9,487  - 3,292  - 7,101  
- 8,825  - 3,229  - 7,112  
- 8,546  - 3,347  - 7,658  
- 9,016  - 3,520  - 8,189  
- 9,052  - 3,578  - 8,397  
- 8,916  - 3,562  - 8,382  
- 8,975  - 3,562  - 8,356  
- 9,013  - 3,597  - 8,461  
- 8,982  - 3,618  - 8,556  
- 8,949  - 3,640  - 8,633  
- 9,005  - 3,653  - 8,715  
- 9,106  - 3,672  - 8,887  
- 9,263  - 3,690  - 9,439  
- 9,575  - 3,679  - 9,985  
-10,868  - 3,156  -10,600  
-12,128  - 2,236  -10,689  
-13,310  -   415  - 9,908  
-12,741    1,547  - 7,929  
-10,518    2,035  - 5,957  
- 8,606    1,565  - 5,516  
- 7,336      342  - 5,683  
- 7,002  -   897  - 6,001  
- 7,050  - 1,436  - 6,215  
- 7,061  - 1,881  - 6,470  
- 7,037  - 1,928  - 6,523  
- 7,015  - 1,721  - 6,397  
- 6,945  - 1,639  - 6,395  
- 6,798  - 1,419  - 6,391  
- 6,189  -   748  - 6,672  
- 5,587      502  - 7,527  
- 5,866    2,385  - 8,465  
- 6,723    3,355  - 8,436  
- 6,959    3,384  - 7,957  
- 7,244    3,388  - 7,542  
- 9,077    3,574  - 6,884  
-10,303    2,558  - 6,000  
-10,125    1,917  - 5,582  
-11,341      885  - 5,832  
-12,807  -   108  - 7,321  
-13,122  -   857  - 8,487  
-13,058  -   862  - 8,263  
-12,808  -   177  - 7,317  
-11,644    1,457  - 6,222  
-10,017    2,711  - 6,182  
- 8,679    2,812  - 6,241  
- 8,265    2,642  - 6,209  
- 8,016    2,571  - 6,246  
- 8,531    3,292  - 6,864  
-11,023    3,413  - 7,729  
-13,173      520  - 8,474  
-12,395  - 2,203  - 8,664  
-11,393  - 3,084  - 8,496  
-10,891  - 3,395  - 8,622  
-10,384  - 3,599  - 8,819  
-10,655  - 3,526  - 9,435  
-11,693  - 2,861  -10,110  
-12,821  - 1,684  - 9,472  
-10,810  -   416  - 5,378  
- 8,095  - 1,008  - 5,224  
- 6,981  - 1,383  - 5,896  
- 8,034  - 1,990  - 5,770  
-10,624  - 1,829  - 5,872  
-12,670  -   850  - 7,299  
-13,238  -   666  - 9,057  
-12,630  - 1,759  -10,312  
-11,130  - 3,256  - 9,867  
- 9,882  - 3,724  - 8,867  
- 9,329  - 3,702  - 8,453  
- 9,441  - 3,675  - 8,397  
- 9,396  - 3,662  - 8,347  
- 9,159  - 3,710  - 8,513  
- 9,477  - 3,756  - 9,528  
-11,028  - 3,163  -10,439  
-12,391  - 1,921  -10,725  
-13,396  -   407  - 9,756  
-12,806    1,121  - 7,883  
-11,327    2,207  - 6,555  
- 9,982    2,312  - 5,931  
- 8,466    1,481  - 5,466  
- 7,533  -   286  - 5,583  
- 7,322  - 1,893  - 6,302  
- 7,509  - 2,399  - 6,625  
- 7,515  - 1,703  - 6,090  
- 8,216      114  - 5,245  
-10,335    1,789  - 5,730  
-11,877    2,243  - 7,429  
-12,688    2,059  - 8,952  
-12,677    1,928  -10,275  
-12,333    2,337  -10,457  
-12,064    2,909  - 9,676  
-12,012    2,759  - 8,120  
-11,084    2,018  - 6,196  
- 9,817      370  - 5,169  
- 9,824  -   492  - 5,165  
-10,963  -   495  - 5,531  
-11,783  -   483  - 6,207  
-11,789  -   251  - 6,214  
-11,208  -   432  - 5,861  
-10,505  - 1,025  - 5,677  
- 9,952  - 1,566  - 5,737  
- 8,799  - 1,845  - 5,828  
- 7,728  - 1,653  - 6,008  
- 7,711      536  - 5,598  
- 9,982    2,396  - 5,959  
-12,253    1,760  - 6,956  
-13,216      633  - 8,281  
-13,137      655  -10,364  
-11,919    1,167  -12,002  
-10,666    1,709  -12,515  
-10,554    2,611  -11,976  
-10,413    2,813  -11,921  
-10,882    2,608  -12,077  
-11,192    2,492  -12,018  
-11,117    1,878  -12,399  
-10,963      329  -12,712  
-11,035  -   370  -12,686  
-12,198       74  -11,944  
-13,104      766  -10,209  
-12,752      671  - 7,445  
-10,701  - 1,039  - 5,601  
- 8,998  - 2,666  - 6,240  
- 9,175  - 3,299  - 7,138  
- 9,513  - 3,675  - 8,048  
- 9,683  - 3,748  - 8,389  
- 8,986  - 3,077  - 6,893  
- 7,847  - 1,350  - 5,722  
- 7,961      708  - 5,444  
- 8,556    1,061  - 5,301  
- 8,281      136  - 5,208  
- 7,856      157  - 5,331  
- 7,656    1,655  - 5,694  
- 8,497    2,367  - 5,764  
- 8,357    1,865  - 5,479  
- 8,194    1,303  - 5,266  
- 8,224      827  - 5,137  
- 8,556      664  - 5,037  
- 9,709      140  - 5,010  
-10,757  -   560  - 5,425  
-10,456  - 2,056  - 5,985  
- 9,824  - 2,840  - 6,540  
- 9,848  - 3,153  - 6,989  
- 9,625  - 3,478  - 7,605  
- 9,536  - 3,713  - 8,424  
- 9,617  - 3,705  - 8,417  
- 9,573  - 3,668  - 8,255  
- 9,592  - 3,695  - 8,382  
- 9,874  - 3,698  - 8,480  
-11,041  - 3,183  - 7,778  
-11,395  - 2,503  - 6,958  
-10,982  - 1,697  - 5,935  
- 9,967  -   737  - 5,165  
- 8,770      184  - 4,995  
- 7,895      729  - 5,307  
- 7,060      713  - 5,810  
- 6,455  -   346  - 6,306  
- 6,570  - 1,322  - 6,605  
- 7,472  - 1,684  - 6,059  
- 8,399  - 2,324  - 6,139  
- 9,247  - 2,228  - 6,041  
- 9,669  - 2,057  - 5,977  
- 9,974  - 1,968  - 5,973  
- 9,830  - 2,315  - 6,172  
- 8,983  - 2,946  - 6,702  
- 7,761  - 3,103  - 7,512  
- 6,615  - 2,539  - 7,921  
- 5,689  - 1,303  - 7,913  
- 5,495  -   182  - 7,566  
- 5,836      824  - 6,826  
- 6,625    1,468  - 6,079  
- 7,312    1,450  - 5,557  
- 7,391    1,176  - 5,432  
- 7,522    1,040  - 5,351  
- 7,676      872  - 5,261  
- 7,751      758  - 5,216  
- 7,980      611  - 5,127  
- 8,787      257  - 4,963  
- 8,973  -   287  - 4,980  
- 8,954  -   337  - 4,978  
- 8,923  -    17  - 4,933  
- 8,880      814  - 4,982  
- 8,004    1,433  - 5,377  
- 7,074    1,015  - 5,796  
- 6,733      203  - 5,978  
- 6,546  -   683  - 6,330  
- 6,651  - 1,441  - 6,589  
- 8,250  - 1,224  - 5,553  
-10,715  -   540  - 5,506  
-12,629  -    54  - 7,005  
-13,245  -   192  - 8,546  
-13,233  -    98  - 9,842  
-12,810  -   101  -11,071  
-12,464  -    72  -11,599  
-12,355      268  -11,758  
-11,583       41  -12,437  
-11,094  -   747  -12,550  
-10,859  - 1,666  -12,314  
-10,899  - 2,481  -11,627  
-11,187  - 3,183  -10,223  
-10,872  - 3,529  - 8,804  
- 9,733  - 3,770  - 8,050  
- 8,574  - 3,848  - 8,011  
- 8,258  - 3,781  - 7,822  
- 8,039  - 3,401  - 7,036  
- 7,545  - 2,845  - 6,543  
- 7,119  - 2,732  - 6,765  
- 6,847  - 2,744  - 7,098  
- 6,802  - 2,670  - 7,036  
- 7,662  - 3,110  - 6,790  
- 8,724  - 3,708  - 7,314  
- 8,592  - 4,013  - 8,502  
- 7,852  - 3,731  - 9,904  
- 7,336  - 3,292  -10,180  
- 7,336  - 3,289  - 9,774  
- 7,644  - 3,430  - 9,157  
- 8,128  - 3,542  - 9,024  
- 8,410  - 3,606  - 9,114  
- 8,789  - 3,713  - 9,177  
- 9,265  - 3,786  - 9,011  
-10,056  - 3,710  - 8,885  
-10,891  - 3,487  - 8,984  
-11,280  - 3,257  - 8,456  
-11,297  - 3,154  - 8,006  
-11,033  - 3,065  - 7,377  
-10,607  - 2,882  - 6,725  
-10,193  - 2,474  - 6,083  
- 9,810  - 1,798  - 5,516  
- 9,487  -   880  - 5,102  
- 9,454      380  - 4,995  
- 8,982    1,702  - 5,281  
- 8,256    2,473  - 5,878  
- 7,119    2,187  - 6,331  
- 6,373    1,054  - 6,451  
- 6,069      176  - 6,729  
- 5,855  -   601  - 7,185  
- 5,876  - 1,315  - 7,643  
- 5,922  - 1,608  - 7,882  
- 6,022  - 1,900  - 8,091  
- 6,115  - 1,920  - 7,921  
- 6,960  - 2,101  - 6,972  
- 8,248  - 2,258  - 6,279  
- 9,239  - 1,845  - 5,807  
- 9,723  - 1,544  - 5,695  
- 9,771  - 1,376  - 5,632  
- 9,301  - 1,501  - 5,638  
- 8,537  - 1,818  - 5,857  
- 7,341  - 1,555  - 6,183  
- 5,899  -   634  - 7,146  
- 5,311      139  - 8,379  
- 5,247      560  - 8,734  
- 5,244      798  - 9,009  
- 5,260      962  - 9,257  
- 5,408    1,493  - 9,346  
- 5,796    2,335  - 8,825  
- 6,791    3,095  - 7,674  
- 7,886    2,791  - 6,331  
- 9,489    2,052  - 5,521  
-10,429      323  - 5,243  
-10,881  - 1,041  - 5,567  
-11,115  - 2,540  - 6,633  
-11,349  - 3,234  - 8,084  
-11,687  - 3,125  - 9,331  
-11,330  - 3,172  -10,109  
-10,755  - 3,229  -10,651  
- 9,935  - 3,520  -10,388  
- 9,214  - 3,753  - 9,350  
- 8,701  - 3,668  - 8,629  
- 8,368  - 3,452  - 7,959  
- 8,260  - 3,347  - 7,813  
- 8,711  - 3,604  - 8,349  
- 9,568  - 3,720  - 8,542  
-10,135  - 3,637  - 8,432  
-10,617  - 3,534  - 8,367  
-10,779  - 3,363  - 7,836  
-10,659  - 3,142  - 7,151  
-10,480  - 2,679  - 6,377  
-10,349  - 1,720  - 5,637  
- 9,834  -   483  - 5,164  
- 9,512       23  - 5,158  
- 9,430      210  - 5,196  
- 9,546      261  - 5,193  
- 9,910      236  - 5,229  
-11,097    1,021  - 5,818  
-12,889    1,036  - 7,766  
-13,075      180  -10,361  
-11,447  - 1,457  -12,077  
-10,098  - 2,689  -11,810  
- 9,264  - 3,303  -11,069  
- 9,202  - 3,514  -10,687  
-10,037  - 3,174  -11,274  
-11,693  - 2,291  -11,330  
-13,069  - 1,348  - 9,719  
-13,072      301  - 7,852  
-13,269      305  - 8,484  
-13,196  -   405  -10,241  
-11,566  - 1,745  -11,876  
- 9,959  - 2,708  -11,903  
- 9,733  - 2,962  -11,619  
- 9,791  - 3,102  -11,381  
-10,820  - 1,984  -12,138  
-12,752    1,233  -10,566  
-12,071    2,274  - 7,508  
-10,902    2,329  - 6,288  
- 9,543    2,448  - 5,934  
- 9,019    2,514  - 6,009  
- 8,810    2,773  - 6,124  
- 8,894    2,773  - 5,997  
- 9,111    2,459  - 5,715  
- 9,277    2,403  - 5,656  
- 8,488    2,755  - 6,004  
- 7,447    2,816  - 6,600  
- 6,444    1,262  - 6,419  
- 6,667  -    20  - 6,201  
- 7,477  - 1,424  - 5,989  
- 8,472  - 2,355  - 6,257  
- 8,112  - 1,363  - 5,788  
- 8,512    1,223  - 5,504  
-10,316    2,465  - 6,308  
-10,686    2,195  - 6,316  
-10,535    2,053  - 6,159  
-10,099    2,315  - 6,139  
- 9,396    2,430  - 5,958  
- 8,610    2,598  - 6,110  
- 8,403    2,809  - 6,219  
- 8,485    2,686  - 6,002  
- 8,550    2,503  - 5,801  
- 8,763    2,737  - 5,920  
- 7,807    2,481  - 6,070  
- 7,623    1,954  - 5,934  
- 7,977    1,266  - 5,584  
- 8,052  -   648  - 5,529  
- 8,007  - 1,665  - 5,947  
- 7,526  - 1,343  - 6,002  
- 7,220      240  - 5,784  
- 9,943    2,280  - 5,938  
-12,469    1,039  - 7,012  
-13,269  -   449  - 8,821  
-12,706  - 1,156  -10,740  
-12,297  - 1,435  -11,209  
-12,549  - 1,373  -10,865  
-13,193  -   783  - 9,842  
-13,170      162  - 8,130  
-12,230      744  - 6,551  
- 9,661      998  - 5,154  
- 8,540      894  - 5,109  
- 8,328    1,075  - 5,177  
- 7,686    1,258  - 5,427  
- 7,110    1,265  - 5,722  
- 6,760    1,245  - 5,967  
- 6,552    1,291  - 6,170  
- 7,127    1,178  - 5,698  
- 9,029    1,072  - 5,141  
-10,599    1,152  - 5,477  
-11,880      901  - 6,257  
-12,950      841  - 7,774  
-13,252      766  - 9,243  
-13,060      958  -10,316  
-12,892    1,059  -10,648  
-13,082    1,046  -10,132  
-12,557    1,748  - 7,741  
-10,210    1,790  - 5,695  
- 7,565      250  - 5,529  
- 6,887  - 1,724  - 6,592  
- 6,639  - 2,414  - 7,613  
- 6,621  - 2,496  - 7,787  
- 6,572  - 2,492  - 7,874  
- 6,363  - 2,105  - 7,612  
- 6,046  -   854  - 7,132  
- 7,210    2,022  - 6,463  
-10,861    2,418  - 6,511  
-12,948      937  - 7,603  
-13,276  -   909  - 8,143  
-12,745  - 1,987  - 8,858  
-12,211  - 2,355  -10,174  
-11,645  - 2,070  -11,474  
-11,873  - 1,135  -11,972  
-12,388      447  -11,682  
-12,774      879  -11,088  
-13,223  -    49  -10,160  
-12,954  - 1,469  - 8,755  
-11,770  - 2,615  - 7,488  
- 9,985  - 3,182  - 6,726  
- 7,814  - 3,190  - 6,888  
- 7,090  - 3,003  - 7,210  
- 6,613  - 2,717  - 7,371  
- 6,331  - 2,583  - 7,685  
- 6,346  - 2,569  - 7,642  
- 6,670  - 2,623  - 7,213  
- 8,423  - 2,817  - 6,300  
-10,999  - 2,273  - 6,401  
-12,689  -   813  - 7,369  
-13,068    1,093  - 8,394  
-12,440    2,568  - 9,350  
-11,615    3,289  - 8,894  
-10,773    3,581  - 8,066  
-10,593    3,595  - 7,863  
-10,793    3,518  - 7,852  
-10,897    3,372  - 7,636  
-12,424    2,147  - 7,864  
-12,335      312  - 6,728  
-10,649  - 1,632  - 5,842  
- 8,594  - 2,367  - 5,936  
- 7,862  - 2,429  - 6,171  
- 7,603  - 2,381  - 6,240  
- 7,332  - 2,299  - 6,318  
- 7,027  - 2,182  - 6,453  
- 6,696  - 2,144  - 6,733  
- 6,644  - 2,138  - 6,784  
- 6,667  - 2,160  - 6,782  
- 6,864  - 2,231  - 6,658  
- 8,199  - 2,846  - 6,521  
-10,600  - 2,696  - 6,604  
-12,021  - 1,570  - 6,879  
-12,688  -   516  - 7,305  
-12,747  -   364  - 7,404  
-13,144  -   103  - 8,318  
-13,222  -   685  - 9,834  
-12,397  - 1,602  -11,016  
-11,151  - 2,436  -11,588  
-10,162  - 2,949  -11,501  
- 9,730  - 3,098  -11,419  
- 9,883  - 3,083  -11,410  
-10,620  - 2,821  -11,458  
-11,860  - 2,254  -11,113  
-12,924  - 1,289  -10,130  
-13,219  -   255  - 8,692  
-12,485      492  - 6,962  
-11,206      784  - 5,785  
- 9,576      812  - 5,269  
- 8,672      802  - 5,239  
- 8,691      737  - 5,226  
- 9,834      872  - 5,307  
-11,876      788  - 6,308  
-13,081  -   604  - 8,320  
-12,571  - 1,801  -10,424  
-12,341  -   968  -11,578  
-12,260      942  -11,694  
-11,982    2,678  -10,835  
-11,298    3,408  -10,405  
-11,519    3,310  -10,200  
-12,614    2,298  - 9,890  
-13,112    1,058  - 8,602  
-12,737  -   169  - 7,186  
-11,203  - 1,202  - 5,889  
- 9,347  - 1,329  - 5,322  
- 8,309  - 1,037  - 5,293  
- 7,598  -   873  - 5,463  
- 6,932  -   946  - 5,865  
- 6,814  - 1,069  - 6,012  
- 7,503  - 1,242  - 5,667  
- 9,061  - 1,314  - 5,343  
-10,112  -   897  - 5,358  
-10,764  -   582  - 5,522  
-11,585  -   438  - 5,997  
-12,443       31  - 6,831  
-12,829      787  - 7,585  
-12,850    1,697  - 8,448  
-12,459    2,576  - 9,168  
-11,887    3,187  - 9,184  
-11,583    3,435  - 9,033  
-11,619    3,416  - 9,119  
-11,625    3,402  - 9,125  
-11,582    3,423  - 9,095  
-12,126    2,941  - 9,490  
-12,868    1,876  - 8,797  
-12,506      652  - 6,961  
-11,661  -   199  - 5,973  
-10,685  -   879  - 5,481  
- 9,111  - 1,520  - 5,351  
- 7,499  - 1,695  - 5,792  
- 6,151  - 1,536  - 6,834  
- 6,174  - 1,619  - 6,860  
- 6,259  - 1,708  - 6,819  
- 6,344  - 1,785  - 6,772  
- 7,150  - 2,250  - 6,427  
- 9,372  - 2,633  - 6,098  
-11,285  - 2,070  - 6,446  
-12,629  - 1,051  - 7,359  
-13,112      497  - 8,305  
-12,780    2,074  - 9,266  
-12,260    2,775  - 9,654  
-11,772    3,309  - 9,401  
-11,857    3,143  -10,085  
-11,645    3,270  -10,140  
-11,199    3,635  - 9,673  
-11,311    3,578  - 9,566  
-12,588    2,327  - 9,632  
-13,154      965  - 8,623  
-12,669  -    47  - 7,105  
-11,704  -   549  - 6,039  
-10,391  - 1,252  - 5,459  
- 8,869  - 2,203  - 5,661  
- 7,882  - 2,260  - 5,901  
- 7,814  - 2,379  - 6,024  
- 8,439  - 2,246  - 5,731  
- 8,649  - 2,246  - 5,717  
-10,911  - 2,258  - 6,299  
-12,878  - 1,120  - 7,872  
-13,282      349  - 9,390  
-12,832    1,214  -10,780  
-12,246    2,038  -11,120  
-11,904    2,776  -10,792  
-11,791    2,867  -10,831  
-12,624    1,761  -10,702  
-13,275       55  - 8,947  
-12,051  -   935  - 6,428  
-11,415  -   842  - 5,824  
-10,764  -   732  - 5,425  
-10,950  -   601  - 5,493  
-11,206  -   426  - 5,606  
-11,354  -   295  - 5,688  
-10,486  -   498  - 5,288  
- 7,071  -   979  - 5,707  
- 6,425  -   671  - 6,128  
- 5,983  -   388  - 6,562  
- 5,810  -   500  - 6,840  
- 5,776  -   681  - 6,964  
- 5,954  - 1,004  - 6,826  
- 6,410  - 1,260  - 6,422  
- 7,892  - 2,137  - 5,962  
-10,560  - 2,140  - 6,098  
-12,639  -   818  - 7,272  
-12,819    1,885  - 9,377  
-11,825    2,941  -10,521  
-11,603    3,232  -10,310  
-11,354    3,511  - 9,982  
-11,219    3,588  - 9,987  
-11,187    3,610  - 9,939  
-11,235    3,563  -10,041  
-11,673    3,047  -10,602  
-12,843    1,682  -10,329  
-12,498    1,271  - 7,240  
-10,328    2,016  - 5,851  
- 8,528    2,474  - 6,086  
- 7,729    2,597  - 6,548  
- 7,407    2,484  - 6,670  
- 7,361    2,395  - 6,616  
- 7,440    2,483  - 6,633  
- 7,657    2,627  - 6,631  
- 8,641    3,006  - 6,594  
-11,369    1,984  - 6,392  
-12,519  -   767  - 6,965  
-12,235  - 2,021  - 7,476  
-11,530  - 3,117  - 8,444  
-10,669  - 3,600  - 9,437  
- 9,979  - 3,636  -10,209  
-10,164  - 3,523  -10,405  
-11,372  - 2,758  -10,877  
-12,313  - 1,743  -11,004  
-12,922  -   703  -10,645  
-13,286      187  - 9,712  
-12,810    1,840  - 8,429  
-11,540    2,890  - 7,218  
-10,059    2,720  - 6,215  
- 9,467    2,508  - 5,973  
- 9,902    2,239  - 5,801  
-10,649    1,106  - 5,481  
-11,673  -   638  - 6,024  
-11,137  - 2,695  - 7,049  
- 9,673  - 3,202  - 7,022  
- 8,344  - 3,006  - 6,931  
- 7,657  - 2,418  - 6,649  
- 7,903  - 2,019  - 6,311  
- 8,109  - 1,942  - 6,325  
- 8,003  - 1,822  - 6,253  
- 7,842  - 1,870  - 6,276  
- 7,947  - 2,148  - 6,338  
- 8,779  - 3,074  - 6,997  
-10,447  - 3,485  - 8,204  
-12,112  - 2,593  - 8,792  
-13,255  -   410  - 8,521  
-12,028    2,235  - 7,170  
- 9,491    2,740  - 6,163  
- 7,975    2,331  - 6,090  
- 7,860    2,155  - 6,013  
- 9,916    3,208  - 6,722  
-12,836      750  - 7,527  
-12,240  - 2,009  - 7,573  
-10,519  - 3,047  - 7,197  
- 8,993  - 2,900  - 6,707  
- 8,704  - 2,615  - 6,550  
- 8,690  - 2,644  - 6,586  
- 8,556  - 2,737  - 6,682  
- 8,540  - 3,180  - 7,266  
- 9,034  - 3,602  - 7,991  
-10,561  - 3,552  - 8,882  
-12,256  - 2,549  - 9,133  
-13,302      333  - 8,862  
-11,544    2,993  - 7,856  
- 8,341    2,923  - 6,592  
- 7,446    2,192  - 6,381  
- 6,822    1,379  - 6,307  
- 6,588      927  - 6,357  
- 6,446      457  - 6,374  
- 6,880      619  - 6,019  
- 7,610      388  - 5,541  
- 8,079  -   350  - 5,401  
- 8,299  - 1,237  - 5,537  
- 8,383  - 1,485  - 5,618  
- 8,429  - 1,732  - 5,745  
- 8,273  - 1,796  - 5,870  
- 7,610  - 1,328  - 5,939  
- 6,575  - 1,028  - 6,496  
- 5,992  - 1,445  - 7,503  
- 6,123  - 2,249  - 8,581  
- 6,609  - 2,865  - 8,980  
- 7,159  - 3,280  - 9,222  
- 7,355  - 3,403  - 9,284  
- 7,022  - 3,201  - 9,030  
- 6,091  - 2,104  - 8,318  
- 5,869       63  - 7,075  
- 7,706    2,081  - 6,139  
-10,154    2,369  - 6,102  
-12,279    1,621  - 7,106  
-12,512    1,576  - 7,400  
-12,313    1,786  - 7,322  
-11,644    2,062  - 6,722  
- 9,825    2,395  - 5,962  
- 7,928    2,367  - 6,161  
- 5,640      491  - 7,661  
- 5,709  - 1,447  - 8,261  
- 6,631  - 2,816  - 8,540  
- 6,971  - 3,102  - 8,499  
- 6,906  - 3,021  - 8,339  
- 6,518  - 2,532  - 8,048  
- 5,816  -   660  - 7,352  
- 6,566    1,678  - 6,761  
- 8,728    2,769  - 6,271  
-11,003    1,902  - 6,070  
-11,976      699  - 6,296  
-12,379      527  - 6,639  
-12,246    1,033  - 6,645  
-11,246    1,223  - 5,990  
-10,210    1,490  - 5,713  
- 8,875      644  - 5,359  
- 7,250  -   743  - 5,935  
- 6,075  - 1,123  - 7,212  
- 5,686  -   834  - 7,755  
- 5,600  -   443  - 7,806  
- 5,691  -   162  - 7,543  
- 6,389      704  - 6,699  
- 8,082    3,365  - 7,480  
-10,779    3,797  - 8,893  
-12,690    2,300  - 9,410  
-13,023    1,288  - 8,391  
-12,466      739  - 6,846  
-11,058      333  - 5,545  
- 9,546  -   235  - 5,068  
- 8,248  -   978  - 5,273  
- 7,879  -   953  - 5,384  
- 7,834  -   448  - 5,303  
- 7,977  -   148  - 5,185  
- 8,062  -    18  - 5,153  
- 8,141  -    43  - 5,129  
- 8,042  -    62  - 5,156  
- 8,007  -    69  - 5,165  
- 7,862  -   188  - 5,215  
- 7,813  -   310  - 5,239  
- 7,865  -   470  - 5,226  
- 8,940  -   620  - 5,055  
-11,295  -   181  - 5,663  
-12,728      355  - 7,146  
-13,145      659  - 8,169  
-13,181      726  - 8,313  
-13,160      985  - 8,360  
-13,132    1,172  - 8,472  
-13,117    1,187  - 8,389  
-13,024    1,210  - 8,161  
-11,825    1,797  - 6,637  
- 9,029    1,624  - 5,479  
- 7,064      249  - 5,847  
- 6,058      543  - 6,756  
- 6,114    1,399  - 6,849  
- 6,628      781  - 5,974  
- 6,919  -   341  - 5,721  
- 7,780  - 1,282  - 5,525  
- 9,103  - 1,712  - 5,493  
-10,301  - 1,988  - 5,888  
-11,978  - 2,008  - 7,197  
-13,289  -   802  - 9,006  
-12,748    1,905  - 8,902  
-10,033    3,558  - 7,398  
- 7,535    2,817  - 6,946  
- 6,511    2,045  - 7,171  
- 6,363    2,027  - 7,390  
- 6,520    2,144  - 7,280  
- 7,947    3,077  - 7,047  
-10,956    3,361  - 7,678  
-13,078      938  - 8,944  
-12,610  - 2,108  - 9,119  
-10,305  - 3,636  - 8,684  
- 9,097  - 3,741  - 8,394  
- 8,620  - 3,636  - 8,385  
- 8,710  - 3,625  - 8,345  
- 8,891  - 3,720  - 8,678  
- 9,290  - 3,803  - 9,304  
-10,930  - 3,419  - 9,640  
-12,728  - 1,937  - 9,025  
-12,738    1,095  - 7,661  
- 9,982    2,830  - 6,463  
- 7,086    1,914  - 6,535  
- 6,238      951  - 6,798  
- 6,318    1,040  - 6,724  
- 7,014    2,030  - 6,641  
- 8,596    2,959  - 6,534  
- 8,897    2,448  - 5,895  
- 9,047    1,642  - 5,347  
- 8,260      892  - 5,158  
- 7,558      517  - 5,326  
- 7,293      689  - 5,471  
- 6,947    1,054  - 5,758  
- 6,805    1,130  - 5,882  
- 7,116      845  - 5,605  
- 8,785      966  - 5,146  
-11,128    1,247  - 5,788  
-12,515    1,223  - 7,089  
-13,213    1,214  - 8,871  
-13,235      981  - 9,723  
-13,232      550  -10,176  
-13,016  -   668  -10,381  
-12,176  - 2,242  -10,519  
-10,928  - 3,413  - 9,524  
- 9,504  - 3,639  - 8,110  
- 8,186  - 2,955  - 7,027  
- 6,958  - 2,204  - 6,865  
- 6,193  - 2,070  - 7,500  
- 6,267  - 2,748  - 8,421  
- 7,009  - 3,336  - 8,269  
- 8,171  - 3,092  - 6,790  
- 8,990  - 2,403  - 6,031  
- 9,186  - 1,819  - 5,692  
- 8,782  - 1,204  - 5,455  
- 8,224  -   243  - 5,272  
- 9,179  -   290  - 5,154  
-10,886  -   589  - 5,624  
-12,313  -   232  - 6,559  
-12,788    2,027  - 9,332  
-10,871    3,569  - 9,684  
- 8,364    3,753  - 7,878  
- 6,844    1,785  - 6,556  
- 6,661      579  - 6,280  
- 6,739      271  - 6,159  
- 6,811       82  - 6,091  
- 6,762  -   107  - 6,128  
- 6,672      108  - 6,198  
- 6,596    1,148  - 6,546  
- 7,499    3,409  - 7,988  
-10,648    3,829  - 9,334  
-13,117    1,313  - 9,580  
-13,360  - 1,047  - 8,602  
-11,880  - 1,858  - 6,899  
-10,030  - 1,776  - 5,726  
- 7,814  - 1,853  - 5,859  
- 7,021  - 2,339  - 6,767  
- 7,484  - 2,832  - 7,077  
- 9,961  - 3,325  - 7,468  
-12,359  - 1,296  - 7,546  
-12,326    1,728  - 7,306  
-11,033    3,316  - 7,787  
- 9,597    3,979  - 8,629  
- 9,275    4,000  - 8,770  
-10,047    3,724  - 7,965  
-11,542    2,320  - 6,954  
-12,358  -   617  - 7,005  
-10,227  - 2,985  - 6,891  
- 7,188  - 2,747  - 7,376  
- 5,911  - 1,475  - 7,787  
- 5,597  -   199  - 7,539  
- 6,281      353  - 6,403  
- 7,486      589  - 5,493  
- 8,520      909  - 5,255  
-10,004    1,062  - 5,363  
- 9,879    1,415  - 5,447  
- 8,844    2,026  - 5,630  
- 6,337    1,391  - 6,709  
- 5,545  -   505  - 8,022  
- 7,153  - 3,065  - 8,161  
-10,813  - 3,061  - 7,789  
-12,332  - 1,164  - 7,399  
-12,332    1,349  - 7,051  
-10,999    3,471  - 8,159  
- 9,755    3,889  -10,180  
- 9,185    3,227  -11,612  
- 9,251    3,380  -11,400  
-10,234    3,903  - 8,953  
-12,047    2,393  - 7,576  
-12,506  -   276  - 7,189  
-10,715  - 3,088  - 7,272  
- 7,554  - 3,063  - 7,518  
- 5,884  - 1,384  - 7,723  
- 5,784       78  - 7,123  
- 6,426      591  - 6,223  
- 7,300      622  - 5,520  
- 8,085    1,057  - 5,257  
- 8,950    1,163  - 5,140  
-10,102      976  - 5,215  
-11,377      137  - 5,699  
-11,385  - 1,651  - 6,276  
-10,791  - 3,103  - 7,473  
- 9,974  - 3,474  - 7,764  
- 9,404  - 3,324  - 7,324  
- 9,127  - 2,712  - 6,442  
- 8,276  - 1,694  - 5,793  
- 6,769  -   930  - 6,141  
- 5,593  - 1,222  - 7,762  
- 5,570  - 1,915  - 8,771  
- 6,457  - 2,410  - 7,241  
- 8,505  - 2,701  - 6,228  
-11,913  - 1,502  - 6,795  
-13,092    1,119  - 8,356  
-13,118    1,223  - 8,499  
-13,092    1,204  - 8,336  
-12,855      908  - 7,523  
-12,690      545  - 7,063  
-12,605       37  - 6,895  
-12,506  - 1,061  - 7,008  
-12,485  - 1,768  - 7,488  
-12,485  - 1,789  - 7,502  
-12,227  - 1,659  - 6,988  
-12,598  -   262  - 6,945  
-12,914      841  - 7,607  
-13,085    1,082  - 8,252  
-13,069    1,003  - 8,155  
-13,056      991  - 8,093  
-13,006    1,029  - 7,946  
-13,022    1,382  - 8,294  
-13,163    1,186  - 9,733  
-12,892  -   456  -10,864  
-11,508  - 2,697  -10,663  
- 9,935  - 3,633  - 8,407  
- 8,296  - 3,084  - 7,128  
- 7,245  - 2,697  - 7,140  
- 6,739  - 2,593  - 7,395  
- 6,593  - 3,040  - 8,604  
- 6,827  - 3,330  - 9,216  
- 6,847  - 3,374  - 9,207  
- 6,989  - 3,450  - 8,668  
- 7,876  - 3,647  - 7,867  
- 8,679  - 3,171  - 6,699  
- 9,396  - 2,689  - 6,183  
- 9,080  - 2,639  - 6,106  
- 7,939  - 2,894  - 6,531  
- 7,066  - 3,237  - 7,754  
- 6,608  - 3,175  - 8,850  
- 6,333  - 2,886  - 9,506  
- 6,457  - 3,040  - 9,214  
- 7,066  - 3,424  - 8,413  
- 8,284  - 3,347  - 7,055  
-10,030  - 2,956  - 6,641  
-11,930  - 1,922  - 7,119  
-12,963  -   200  - 7,906  
-12,431    1,551  - 7,627  
-11,377    1,953  - 6,431  
- 9,342    2,190  - 5,739  
- 7,633    2,407  - 6,372  
- 7,047    2,261  - 6,709  
- 7,083    1,906  - 6,392  
- 7,457    2,604  - 6,734  
- 9,480    3,669  - 7,538  
-12,057    2,836  - 8,348  
-13,422      524  - 9,111  
-12,787  - 1,549  - 9,928  
-11,366  - 2,695  -10,972  
-11,038  - 2,593  -11,452  
-10,394  - 2,488  -11,917  
-10,414  - 2,067  -12,263  
-11,065  - 1,574  -12,300  
-11,808       33  -12,363  
-12,846    1,660  -10,230  
-12,883    1,510  - 8,045  
-12,801      813  - 7,013  
-12,369      704  - 5,908  
-11,324      502  - 5,371  
-11,012       30  - 5,274  
- 9,840  - 1,536  - 5,393  
- 8,391  - 2,280  - 6,020  
- 7,397  - 1,808  - 6,171  
- 6,592  -   154  - 6,287  
- 6,510    2,092  - 7,082  
- 7,032    3,113  - 7,732  
- 7,585    3,393  - 7,502  
- 8,079    3,402  - 7,088  
- 8,062    3,165  - 6,734  
- 8,026    3,243  - 6,814  
- 7,510    3,088  - 6,911  
- 7,508    3,124  - 6,954  
- 7,695    3,044  - 6,822  
- 7,899    2,691  - 6,430  
- 7,863    2,638  - 6,418  
- 8,020    2,765  - 6,465  
- 8,124    2,790  - 6,443  
- 8,235    2,799  - 6,400  
- 9,074    2,711  - 6,134  
-10,518    2,302  - 6,047  
-11,772    1,197  - 6,254  
-12,235       40  - 6,504  
-12,385  -   889  - 6,875  
-12,489  - 1,094  - 7,142  
-12,804  - 1,542  - 8,356  
-12,343  - 2,207  -10,036  
-11,796  - 1,965  -11,386  
-11,950  - 1,556  -11,585  
-12,627  -   960  -11,043  
-12,665  -   908  -11,039  
-12,811  -   476  -10,969  
-12,954      510  -10,899  
-12,741    1,366  -10,807  
-12,510    2,183  -10,465  
-12,086    3,002  - 9,633  
-11,700    3,408  - 9,486  
-12,151    2,854  -10,052  
-12,780      864  -10,880  
-12,405  -   905  -11,474  
-11,615  - 1,765  -11,775  
-11,061  - 2,277  -11,794  
-11,012  - 2,364  -11,741  
-11,313  - 2,145  -11,733  
-11,861  - 2,085  -11,270  
-12,544  - 2,141  - 8,789  
-11,874  - 1,748  - 6,725  
-10,982  - 1,180  - 5,706  
-10,639  -   993  - 5,477  
-10,122  -   410  - 5,195  
- 8,905      625  - 5,161  
- 7,639    1,354  - 5,714  
- 6,973    1,512  - 6,214  
- 7,307    2,384  - 6,520  
- 8,903    3,076  - 6,443  
- 9,555    2,841  - 6,180  
- 9,388    2,170  - 5,638  
- 8,857    1,583  - 5,359  
- 8,479      937  - 5,215  
- 9,466      977  - 5,193  
-10,432    1,611  - 5,617  
-10,799    3,240  - 7,133  
- 8,425    4,005  - 8,839  
- 6,494    2,938  - 9,452  
- 5,826    1,899  -10,105  
- 6,632    2,115  -11,499  
- 8,459    3,661  -11,121  
-10,152    4,172  - 9,644  
-10,404    4,090  - 8,974  
- 8,845    4,055  - 8,449  
- 6,842    2,977  - 7,950  
- 5,424    1,141  - 9,129  
- 5,898      319  -11,294  
- 7,541      916  -12,732  
- 8,590    1,383  -12,966  
- 8,584    1,383  -12,963  
- 8,057    1,485  -12,779  
- 6,321    1,249  -11,596  
- 5,483      731  -10,245  
- 5,617    1,638  - 9,340  
- 6,832    3,148  - 8,545  
-10,105    3,964  - 8,634  
-12,104    2,962  - 9,104  
-13,091    1,538  - 9,646  
-13,433       73  - 9,826  
-13,256  -   872  - 9,587  
-13,258  -   714  - 9,397  
-13,330      655  - 9,501  
-11,592    3,405  - 9,379  
- 8,235    3,894  - 8,521  
- 6,481    2,973  - 9,193  
- 6,331    2,816  - 9,719  
- 6,688    3,163  - 9,765  
- 8,220    4,015  - 9,254  
-10,973    3,792  - 9,192  
-13,013    1,667  - 9,350  
-13,354      261  - 9,549  
-13,230  -   751  - 9,468  
-13,127  - 1,164  - 9,358  
-13,132  - 1,143  - 9,393  
-13,248  -   443  - 9,540  
-12,774    2,185  - 9,549  
-10,135    4,020  - 9,153  
- 6,991    3,324  - 9,311  
- 6,372    2,706  - 9,916  
- 6,274    2,616  - 9,847  
- 7,172    3,445  - 9,370  
-10,110    4,029  - 9,409  
-12,689    2,263  - 9,877  
-13,255  -   105  - 9,625  
-12,948  - 1,584  - 9,014  
-12,528  - 2,224  - 8,847  
-12,434  - 2,342  - 8,840  
-12,554  - 2,196  - 8,875  
-13,107  - 1,063  - 9,433  
-13,108    1,362  - 9,917  
-11,055    3,724  - 9,545  
- 8,335    3,940  - 9,029  
- 6,955    3,311  - 8,931  
- 6,495    2,965  - 9,061  
- 6,598    3,069  - 9,103  
- 6,546    3,009  - 8,998  
- 7,902    3,778  - 8,681  
-10,930    3,808  - 9,216  
-12,859    2,024  - 9,677  
-13,317  -   434  - 9,451  
-12,921  - 1,614  - 9,193  
-12,783  - 1,866  - 9,145  
-12,742  - 1,917  - 9,042  
-12,554  - 2,166  - 9,467  
-12,417  - 2,094  -10,273  
-11,886  - 2,094  -11,201  
-10,954  - 2,455  -11,663  
-10,054  - 2,989  -11,411  
- 9,978  - 3,026  -11,373  
-10,711  - 2,327  -11,900  
-12,385  -   578  -11,512  
-13,196      867  - 9,059  
-12,274    1,445  - 6,946  
-11,018    1,746  - 5,970  
- 9,599    1,767  - 5,520  
- 8,934    1,704  - 5,462  
- 8,489    1,624  - 5,464  
- 7,768    1,668  - 5,686  
- 7,053    1,654  - 6,047  
- 6,464    1,428  - 6,411  
- 5,777    1,328  - 7,283  
- 5,515    1,112  - 7,710  
- 5,342      732  - 7,923  
- 5,359      399  - 7,675  
- 5,694  -    40  - 6,872  
- 6,422  -   159  - 5,983  
- 7,556  -   321  - 5,288  
-11,508      192  - 5,787  
-12,453       74  - 6,736  
-12,785  -   233  - 7,282  
-13,006  -   414  - 7,806  
-13,035  -   363  - 7,871  
-13,059  -   192  - 7,876  
-13,059  -   191  - 7,878  
-13,055  -   218  - 7,876  
-13,037  -   210  - 7,829  
-12,983  -    33  - 7,652  
-12,843      251  - 7,360  
-12,680      422  - 7,080  
-12,647      404  - 7,018  
-11,711      590  - 5,955  
-10,170      605  - 5,148  
- 8,736      692  - 5,026  
- 7,873    1,004  - 5,278  
- 7,582    1,182  - 5,433  
- 7,503    1,340  - 5,516  
- 7,352    1,540  - 5,661  
- 6,195    1,303  - 6,547  
- 6,089    1,521  - 6,809  
- 6,150    1,600  - 6,768  
- 6,016    1,530  - 6,910  
- 5,663    1,383  - 7,469  
- 5,652    1,461  - 7,569  
- 5,835    1,690  - 7,407  
- 6,531    2,097  - 6,732  
- 7,767    1,914  - 5,696  
- 8,165      682  - 5,153  
- 7,199  -    20  - 5,485  
- 6,369  -   967  - 6,281  
- 6,855  - 1,313  - 5,985  
- 8,356  - 1,084  - 5,246  
- 9,395      845  - 5,150  
- 9,048    1,909  - 5,556  
- 9,260    1,844  - 5,526  
-10,938      810  - 5,547  
-11,327  - 2,023  - 6,420  
-10,758  - 3,234  - 7,497  
-10,289  - 3,419  - 7,496  
- 9,399  - 3,794  - 7,919  
- 8,702  - 3,948  - 9,490  
- 8,521  - 3,915  - 9,460  
- 8,394  - 3,889  - 9,355  
- 8,171  - 3,842  - 9,241  
- 8,268  - 3,803  - 9,826  
-10,337  - 2,171  -12,363  
-11,795      187  -12,537  
-13,276      759  - 9,969  
-13,310      534  - 9,810  
-13,299      645  - 9,796  
-13,317      685  - 9,508  
-13,308      777  - 9,441  
-13,334      602  - 9,292  
-13,334      337  - 9,096  
-13,338      114  - 9,061  
-13,328  -    31  - 9,599  
-11,886      832  -12,227  
- 8,358      779  -13,005  
- 7,849      638  -12,864  
- 8,050    1,412  -12,770  
- 8,102    1,722  -12,658  
- 8,108    1,654  -12,691  
- 7,862    1,822  -12,507  
- 8,298    1,493  -12,842  
- 9,589      256  -13,280  
- 9,576  - 1,352  -12,921  
- 9,152  - 2,092  -12,540  
- 8,304  - 2,438  -12,082  
- 7,834  - 2,437  -11,869  
- 7,712  - 2,427  -11,806  
- 7,639  - 2,466  -11,724  
- 7,575  - 2,562  -11,576  
- 7,997  - 3,017  -11,287  
-10,216  - 3,653  -10,320  
-11,711  - 3,073  - 9,708  
-12,256  - 2,553  - 9,714  
-12,523  - 2,231  - 9,495  
-12,975  - 1,461  - 9,502  
-13,265  -   178  - 9,896  
-13,235       31  -10,289  
-13,197      205  -10,436  
-13,204      267  -10,419  
-13,197      260  -10,440  
-12,493    1,686  -11,325  
-10,944    2,750  -11,856  
- 9,719    2,971  -12,025  
- 9,388    2,985  -12,023  
- 9,699    3,014  -11,988  
-11,546    2,450  -11,740  
-13,053      406  -10,745  
-13,174  -   666  -10,159  
-13,073  -   959  -10,165  
-12,712  - 1,613  -10,377  
-12,472  - 1,987  -10,385  
-11,922  - 2,642  -10,347  
-11,382  - 3,030  -10,571  
-10,342  - 3,401  -10,862  
- 9,208  - 3,525  -10,957  
- 8,011  - 3,171  -11,094  
- 6,778  - 2,333  -10,999  
- 6,341  - 1,567  -11,109  
- 6,351  -   851  -11,504  
- 6,435  -   231  -11,756  
- 6,590      176  -11,926  
- 6,772      476  -12,076  
- 6,768      618  -12,050  
- 6,609      440  -11,925  
- 6,393  -   474  -11,673  
- 6,835  - 1,990  -11,410  
- 8,432  - 3,197  -11,241  
-10,702  - 3,164  -11,051  
-12,071  - 2,204  -10,746  
-13,000  -   429  -10,664  
-12,652    1,801  -10,749  
-10,730    3,398  -11,079  
- 8,305    3,358  -11,249  
- 6,723    2,541  -10,896  
- 6,156    1,858  -10,772  
- 6,189    1,847  -10,842  
- 7,045    2,699  -11,106  
-10,895    3,216  -11,275  
-12,964      516  -10,756  
-12,410  - 1,742  -10,838  
-10,622  - 3,233  -10,953  
- 9,034  - 3,441  -11,156  
- 7,759  - 2,930  -11,287  
- 7,074  - 2,229  -11,427  
- 6,844  - 1,558  -11,686  
- 6,809  - 1,271  -11,798  
- 6,838  - 1,348  -11,787  
- 6,831  - 1,622  -11,634  
- 6,922  - 2,103  -11,387  
- 8,523  - 3,388  -10,989  
-11,321  - 3,052  -10,559  
-12,781  -   981  -10,612  
-12,139    1,950  -11,558  
- 9,255    2,907  -12,027  
- 6,459    1,412  -11,499  
- 5,731  -    43  -10,810  
- 5,714  -   211  -10,761  
- 6,114      834  -11,325  
- 8,556    2,337  -12,391  
-12,045    1,717  -11,818  
-13,155  -   147  -10,157  
-13,059  -   997  - 8,990  
-12,816  - 1,419  - 7,938  
-12,791  - 1,120  - 7,321  
-12,846  - 1,019  - 7,632  
-13,099  -   836  - 9,288  
-11,772  -    77  -12,403  
- 8,475  -   520  -13,098  
- 6,599  - 1,614  -11,557  
- 6,248  - 2,165  -10,370  
- 5,934  - 1,998  - 9,268  
- 5,761  - 1,635  - 8,703  
- 5,653  - 1,215  - 8,331  
- 5,439  -   763  - 9,117  
- 6,236      333  -11,638  
-10,135    1,750  -12,784  
-12,898    1,189  -10,772  
-13,282      141  - 9,388  
-13,229  -   231  - 9,304  
-13,158       82  -10,374  
-11,697    1,369  -12,224  
- 8,514      806  -13,034  
- 5,567  -   846  -10,089  
- 5,637  - 1,238  - 8,410  
- 5,895  - 1,300  - 7,705  
- 5,915  - 1,295  - 7,648  
- 5,512  - 1,004  - 9,117  
- 6,469      337  -11,918  
- 9,581    1,646  -12,957  
-11,962    1,460  -12,038  
-13,058    1,221  -10,384  
-13,115    1,431  - 9,551  
-13,209    1,077  - 9,525  
-13,180      525  - 9,258  
-12,945  -   613  - 8,723  
-11,878  - 2,754  - 9,033  
- 9,303  - 3,848  -10,079  
- 7,715  - 3,136  -10,914  
- 6,929  - 2,371  -11,127  
- 6,599  - 1,811  -11,232  
- 6,513  - 1,526  -11,298  
- 6,446  - 1,449  -11,257  
- 6,438  - 1,493  -11,222  
- 6,717  - 2,249  -10,941  
- 8,554  - 3,542  -10,618  
-11,789  - 2,594  -10,577  
-12,623    1,296  -11,381  
- 9,644    3,165  -11,713  
- 5,961      602  -11,093  
- 5,750  -   465  -10,725  
- 5,729  -   912  -10,463  
- 5,764  -   820  -10,606  
- 5,764  -   584  -10,726  
- 5,721  -   538  -10,651  
- 6,052    1,058  -11,067  
- 9,156    3,276  -11,508  
-12,817    1,254  -10,668  
-12,477  - 1,765  -10,501  
-10,508  - 3,319  -10,866  
- 8,034  - 3,219  -11,051  
- 6,827  - 2,123  -11,236  
- 6,451  - 1,021  -11,481  
- 6,477  -   448  -11,708  
- 6,416  -   253  -11,673  
- 6,418  -   268  -11,671  
- 6,369  -   418  -11,597  
- 6,481  - 1,073  -11,550  
- 8,603  - 3,164  -11,295  
-12,244  - 1,831  -10,996  
-12,365    1,854  -11,100  
- 9,402    3,329  -11,497  
- 7,093    2,803  -10,969  
- 6,267    2,168  -10,554  
- 5,981    1,614  -10,586  
- 5,908    1,419  -10,604  
- 5,938    1,346  -10,724  
- 5,980    1,386  -10,779  
- 6,231    1,764  -10,914  
- 8,854    3,507  -11,127  
-12,991    1,065  -10,760  
-12,066  - 2,383  -10,082  
-10,719  - 3,467  -10,298  
- 9,247  - 3,767  -10,521  
- 8,540  - 3,553  -10,852  
- 9,134  - 3,240  -11,410  
-10,439  - 2,247  -12,149  
-10,057  -   224  -13,162  
- 7,005  -   368  -12,344  
- 5,561  -   728  -10,124  
- 5,397  -   601  - 8,885  
- 5,469  -   547  - 9,878  
- 7,770       42  -12,778  
-11,589      319  -12,554  
-12,981  -   357  -10,571  
-12,836  -   917  - 9,188  
-12,952  -   628  - 9,409  
-12,228      940  -11,828  
- 8,630  -   562  -13,025  
- 6,243  - 1,580  -10,992  
- 5,610  - 1,324  - 9,048  
- 5,669  - 1,307  - 8,445  
- 5,740  - 1,403  - 8,301  
- 5,624  - 1,267  - 9,423  
- 7,446      214  -12,588  
-11,459    1,258  -12,498  
-12,990      524  -10,951  
-13,202  -    22  -10,165  
-13,210  -   213  - 9,892  
-13,128  -   605  - 9,807  
-12,332      271  -11,825  
- 8,731  -    24  -13,071  
- 5,642  -   913  -10,223  
- 5,498  -   981  - 9,246  
- 5,479  -   916  - 9,024  
- 5,524  - 1,084  - 9,032  
- 5,539  - 1,131  - 9,017  
- 5,544  - 1,138  - 8,937  
- 5,550  - 1,136  - 8,850  
- 5,547  - 1,123  - 8,808  
- 5,544  - 1,098  - 8,753  
- 5,538  - 1,070  - 8,720  
- 5,528  - 1,047  - 8,726  
- 5,531  -   812  - 9,811  
- 7,448      419  -12,587  
-11,591    1,463  -12,302  
-13,178      809  -10,366  
-13,318      214  - 9,630  
-13,321      115  - 9,586  
-13,324      170  - 9,649  
-13,320      172  - 9,681  
-13,320      155  - 9,676  
-13,321      151  - 9,676  
-13,320      155  - 9,690  
-13,173      509  -10,299  
-11,153    1,731  -12,440  
- 7,100      718  -12,378  
- 5,443  -   364  - 9,866  
- 5,467  -   739  - 8,568  
- 5,476  -   872  - 8,743  
- 5,496  -   992  - 8,879  
- 5,498  -   973  - 8,800  
- 5,506  -   955  - 8,664  
- 5,509  -   948  - 8,620  
- 5,512  -   946  - 8,584  
- 5,528  -   949  - 8,500  
- 5,526  -   945  - 8,480  
- 5,532  -   952  - 8,463  
- 5,538  -   964  - 8,451  
- 5,538  -   964  - 8,449  
- 5,567  - 1,054  - 8,476  
- 5,588  - 1,189  - 8,607  
- 5,516  - 1,004  - 9,455  
- 5,406      223  - 9,664  
- 5,472      956  - 9,518  
- 5,403      229  - 9,698  
- 5,408  -   177  - 9,675  
- 5,404  -   337  - 9,578  
- 5,397  -   244  - 9,584  
- 5,372  -   163  - 9,412  
- 5,362  -   107  - 9,332  
- 5,357  -    13  - 9,288  
- 5,354  -    06  - 9,195  
- 5,355      148  - 9,028  
- 5,511      735  - 8,172  
- 6,958    1,554  - 6,290  
- 8,504    1,801  - 5,601  
- 7,761    2,539  - 6,434  
- 5,596    1,176  - 9,815  
- 5,452  -   736  - 8,681  
- 5,430  -   394  - 8,456  
- 5,515      414  - 7,995  
- 5,547      517  - 7,926  
- 5,522      403  - 7,977  
- 5,521      293  - 7,952  
- 5,509      334  - 8,008  
- 5,479      234  - 8,085  
- 5,423      221  - 8,327  
- 5,452      345  - 8,234  
- 5,495      417  - 8,077  
- 5,512      418  - 8,018  
- 5,515      371  - 7,999  
- 5,511      389  - 8,016  
- 5,525      374  - 7,976  
- 5,469      344  - 8,204  
- 5,573    1,355  - 9,295  
- 6,517    2,828  - 9,718  
- 7,842    3,810  - 9,446  
- 8,766    4,099  - 9,188  
- 9,031    4,132  - 9,164  
- 7,548    3,185  -10,803  
- 5,372  -   141  - 8,979  
- 5,416  -   253  - 8,393  
- 5,437  -    98  - 8,236  
- 5,447  -    46  - 8,172  
- 5,475  -    94  - 8,083  
- 5,436      216  - 8,286  
- 5,537    1,344  - 9,131  
- 6,196    2,465  - 9,835  
- 7,097    3,076  -10,645  
- 8,425    3,508  -11,171  
-11,043    3,763  - 9,235  
-12,498    2,569  - 8,727  
-12,784    2,180  - 8,895  
-12,954    1,610  - 8,336  
-13,098    1,044  - 8,127  
-13,171      870  - 8,255  
-13,153      981  - 8,267  
-13,026    1,719  - 8,681  
-10,306    2,542  -12,289  
- 7,456    1,113  -12,496  
- 5,659  -   586  -10,578  
- 6,099  - 2,258  - 8,560  
- 6,808  - 2,876  - 8,178  
- 6,900  - 3,040  - 8,492  
- 6,880  - 3,068  - 8,715  
- 6,933  - 3,124  - 8,895  
- 6,983  - 3,161  - 9,113  
- 7,008  - 3,176  - 9,134  
- 6,999  - 3,168  - 9,099  
- 7,005  - 3,172  - 9,084  
- 6,969  - 3,146  - 9,096  
- 7,008  - 2,695  -10,728  
- 7,299    1,248  -12,267  
- 7,269    3,214  -10,482  
- 6,909    3,148  - 9,927  
- 6,939    3,124  -10,094  
- 6,871    3,046  -10,159  
- 6,857    3,013  -10,214  
- 6,829    2,982  -10,229  
- 6,816    2,955  -10,267  
- 6,824    2,937  -10,323  
- 6,819    2,936  -10,325  
- 6,814    2,927  -10,331  
- 6,825    2,937  -10,333  
- 6,835    2,947  -10,329  
- 6,838    2,949  -10,323  
- 6,835    2,945  -10,330  
- 6,819    2,930  -10,330  
- 6,847    2,875  -10,493  
- 7,601    1,059  -12,429  
- 6,527  - 2,195  -10,756  
- 6,343  - 2,558  - 9,354  
- 6,493  - 2,703  - 9,472  
- 6,563  - 2,778  - 9,444  
- 6,596  - 2,825  - 9,264  
- 6,603  - 2,838  - 9,207  
- 6,582  - 2,818  - 9,193  
- 6,560  - 2,796  - 9,181  
- 6,454  - 2,695  - 9,006  
- 6,412  - 2,648  - 8,870  
- 6,465  - 2,700  - 8,854  
- 6,487  - 2,718  - 8,813  
- 6,490  - 2,715  - 8,765  
- 6,469  - 2,686  - 8,718  
- 6,431  - 2,641  - 8,684  
- 6,421  - 2,650  - 8,887  
- 6,503  - 2,101  -10,799  
- 6,691      918  -11,954  
- 6,596    2,001  -11,237  
- 6,611    2,532  -10,617  
- 6,527    2,671  -10,161  
- 6,451    2,594  -10,128  
- 6,452    2,612  -10,089  
- 6,482    2,677  -10,016  
- 6,511    2,704  -10,028  
- 6,510    2,706  -10,020  
- 6,503    2,699  -10,012  
- 6,529    2,725  -10,020  
- 6,969    2,919  -10,520  
- 8,531    1,043  -12,848  
- 6,848  - 2,178  -11,210  
- 6,482  - 2,498  -10,121  
- 6,310  - 2,440  - 9,675  
- 6,105  - 2,225  - 9,517  
- 6,137  - 2,277  - 9,458  
- 6,150  - 2,308  - 9,316  
- 6,114  - 2,265  - 9,189  
- 6,089  - 2,232  - 9,073  
- 6,015  - 2,115  - 8,983  
- 5,984  - 2,056  - 8,824  
- 5,976  - 2,028  - 8,778  
- 6,015  - 2,092  - 9,223  
- 6,190  - 1,001  -11,202  
- 6,445    1,855  -11,112  
- 6,187    2,209  -10,153  
- 5,968    1,990  - 9,820  
- 5,898    1,814  - 9,913  
- 5,901    1,755  -10,037  
- 5,894    1,717  -10,085  
- 5,899    1,745  -10,064  
- 5,925    1,800  -10,067  
- 5,938    1,811  -10,099  
- 6,036    1,862  -10,311  
- 7,162      133  -12,405  
- 6,105  - 1,925  -10,086  
- 5,750  - 1,654  - 8,966  
- 5,577  - 1,263  - 9,405  
- 5,482  -   912  - 9,597  
- 5,437  -   820  - 9,344  
- 5,427  -   795  - 9,129  
- 5,404  -   701  - 9,059  
- 5,370  -   509  - 8,978  
- 5,362  -   425  - 8,886  
- 5,393  -   470  - 8,638  
- 5,440  -   483  - 8,356  
- 5,509  -   427  - 8,042  
- 5,577  -   474  - 7,847  
- 5,596  -   533  - 7,809  
- 5,478  -   498  - 8,215  
- 6,187      286  -11,488  
-10,648    1,032  -12,893  
-13,096      746  -10,529  
-13,304      287  - 9,752  
-13,164      322  -10,447  
-10,424      827  -12,956  
- 6,350      118  -11,729  
- 5,352  -   344  - 8,953  
- 5,436  -   421  - 8,328  
- 5,404  -   371  - 8,490  
- 6,721      938  -11,919  
-11,716    1,606  -12,170  
-13,227      574  -10,172  
-13,312      400  - 9,544  
-13,307      382  - 9,634  
-13,315      287  - 9,548  
-13,315      275  - 9,510  
-13,213      258  -10,169  
-10,931      502  -12,835  
- 6,926  -   195  -12,269  
- 5,421  -   734  - 9,002  
- 5,606  - 1,065  - 8,242  
- 5,704  - 1,135  - 7,961  
- 5,506  -   902  - 8,560  
- 6,068      267  -11,287  
-10,470    1,516  -12,800  
-12,846    1,099  -10,939  
-13,334      195  - 9,580  
-13,310  -    75  - 9,551  
-12,482      821  -11,594  
- 9,022      959  -13,026  
- 5,842  -   405  -10,947  
- 5,503  -   995  - 8,771  
- 5,437  -   750  - 8,832  
- 6,435      232  -11,820  
-11,362    1,137  -12,491  
-13,238      108  -10,280  
-13,312  -    79  - 9,458  
-13,307       46  - 9,598  
-13,310      126  - 9,714  
-13,308      173  - 9,711  
-13,308      191  - 9,721  
-13,304      141  - 9,774  
-12,682      326  -11,456  
- 8,715      110  -13,092  
- 5,555  -   586  -10,205  
- 5,643  - 1,417  - 8,784  
- 5,754  - 1,614  - 8,526  
- 5,537  - 1,175  - 9,046  
- 6,648      596  -11,976  
-11,248    1,361  -12,566  
-13,238      207  -10,167  
-13,291  -   110  - 9,776  
-12,866      564  -11,182  
- 9,625    1,241  -13,038  
- 5,944  -    28  -11,156  
- 5,465  -   953  - 9,020  
- 5,765  -   294  -10,782  
- 8,888    1,277  -12,998  
-12,899      926  -11,011  
-13,304  -    38  - 9,563  
-13,305  -    98  - 9,458  
-13,314  -    29  - 9,521  
-13,315  -    21  - 9,497  
-13,315  -    14  - 9,482  
-13,317  -    03  - 9,475  
-13,314  -    13  - 9,455  
-13,315  -    27  - 9,452  
-13,312  -    40  - 9,428  
-13,305      179  - 9,272  
-12,411    2,637  - 9,985  
- 8,533    3,834  -10,271  
- 6,212    2,315  -10,165  
- 6,523    2,593  -10,392  
- 9,651    3,771  -10,706  
-13,160    1,222  -10,116  
-13,232  -   500  - 9,553  
-13,262  -   165  - 9,351  
-12,204    2,914  - 9,706  
- 8,844    3,960  -10,060  
- 6,762    2,934  -10,188  
- 6,516    2,634  -10,306  
- 7,915    3,581  -10,401  