-12303	-2071	-8533
-12295	-2071	-8525
-12289	-2071	-8519
-12284	-2071	-8517
-12283	-2071	-8514
-12279	-2071	-8509
-12279	-2071	-8510
-12276	-2071	-8506
-12274	-2071	-8505
-12274	-2071	-8505
-12273	-2070	-8503
-12270	-2071	-8500
-12269	-2071	-8499
-12269	-2071	-8499
-12269	-2071	-8498
-12267	-2071	-8498
-12266	-2071	-8496
-12266	-2072	-8496
-12267	-2071	-8496
-12266	-2071	-8494
-12264	-2071	-8494
-12264	-2071	-8494
-12261	-2072	-8491
-12261	-2071	-8491
-12261	-2071	-8491
-12260	-2071	-8490
-12261	-2071	-8491
-12260	-2071	-8490
-12260	-2071	-8490
-12259	-2072	-8490
-12256	-2071	-8488
-12257	-2072	-8487
-12256	-2071	-8487
-12378	-1935	-8514
-12391	-1914	-8514
-12713	-1317	-8366
-12771	-181	-7584
-12764	889	-7386
-12575	1574	-7245
-12454	2033	-7244
-12064	2827	-7652
-11388	3398	-8018
-10696	3689	-8188
-10164	3836	-8301
-9608	3880	-8316
-8767	3788	-8213
-7961	3448	-7953
-7162	2914	-7801
-6649	2465	-7875
-6611	2242	-7559
-6672	2066	-7249
-6616	1956	-7201
-6527	1852	-7228
-6400	1781	-7340
-6287	1694	-7448
-6167	1687	-7663
-5938	1621	-8170
-5807	1570	-8631
-5774	1552	-8769
-5760	1566	-8905
-5750	1566	-8984
-5780	1653	-9022
-5872	1870	-9086
-5974	2071	-9138
-5984	2103	-9117
-5989	2115	-9103
-6028	2201	-9084
-6209	2477	-9157
-6410	2748	-9141
-6517	2872	-9129
-6611	2984	-9204
-6688	3066	-9269
-6801	3170	-9300
-6831	3183	-9517
-6644	2977	-9797
-6822	3124	-9851
-7519	3583	-9950
-8295	3896	-10028
-8900	4026	-10039
-9549	4092	-9956
-10069	4073	-9793
-10512	4006	-9634
-11172	3775	-9420
-11794	3417	-9378
-12303	2991	-9330
-12758	2428	-9468
-13083	1877	-9687
-13272	1215	-9975
-13392	638	-10058
-13394	89	-10091
-13351	-261	-10250
-13318	-470	-10240
-13308	-637	-10167
-13289	-696	-10168
-13279	-721	-10195
-13266	-758	-10205
-13262	-777	-10200
-13263	-767	-10198
-13276	-721	-10180
-13327	-514	-10163
-13371	-224	-10103
-13420	213	-10040
-13345	948	-9849
-13166	1671	-9722
-12755	2428	-9404
-12247	3059	-9253
-11616	3545	-9003
-11003	3784	-8465
-10347	3876	-7975
-9615	3793	-7496
-8943	3665	-7274
-8308	3346	-6956
-7493	2897	-6864
-6793	2311	-6833
-6297	920	-6519
-6120	571	-6614
-6161	169	-6515
-6540	-152	-6098
-7074	-184	-5679
-7768	73	-5308
-8501	296	-5095
-9119	414	-5040
-9620	443	-5067
-10226	568	-5199
-10902	671	-5469
-11380	764	-5754
-11838	860	-6120
-12156	893	-6434
-12482	998	-6852
-12680	1042	-7160
-12808	1011	-7367
-12925	969	-7576
-12960	929	-7632
-12842	856	-7369
-12554	748	-6880
-12159	779	-6408
-11723	805	-6006
-11159	764	-5615
-10489	691	-5299
-9717	590	-5102
-8783	561	-5087
-7663	342	-5362
-6769	202	-5878
-6251	119	-6361
-6069	108	-6581
-6035	90	-6628
-6232	71	-6387
-7129	86	-5638
-8630	307	-5107
-9828	505	-5125
-10751	810	-5437
-11369	852	-5769
-11822	794	-6097
-12207	830	-6474
-12503	909	-6852
-12813	861	-7306
-13071	692	-7793
-13281	600	-8370
-13405	470	-8935
-13456	342	-9382
-13430	154	-9920
-13331	-235	-10397
-13017	-1153	-10555
-12712	-1965	-10179
-12417	-2463	-9281
-12012	-2708	-8375
-11264	-3021	-7779
-10463	-3127	-7266
-9830	-2908	-6726
-9093	-2638	-6370
-8633	-2379	-6207
-8203	-2189	-6171
-7888	-1977	-6148
-8232	-2149	-6140
-8864	-2634	-6391
-9825	-2996	-6837
-10794	-3135	-7518
-11573	-3062	-8445
-12081	-2784	-9328
-12372	-2338	-10226
-12679	-1760	-10624
-12924	-1204	-10714
-13196	-679	-10528
-13376	-123	-10031
-13436	444	-9394
-13292	923	-8701
-12987	1486	-8038
-12518	1980	-7485
-12139	2247	-7138
-11881	2305	-6873
-11778	2296	-6757
-11683	2128	-6542
-11622	1935	-6366
-11635	1806	-6302
-11779	1682	-6357
-12174	1545	-6680
-12686	1395	-7324
-13124	1024	-8054
-13331	794	-8786
-13412	514	-9423
-13376	356	-9962
-13279	74	-10476
-13142	-125	-10849
-12977	-228	-11210
-12814	-319	-11458
-12621	-334	-11720
-12418	-381	-11937
-12182	-514	-12147
-11975	-624	-12289
-11850	-624	-12380
-11737	-668	-12441
-11652	-700	-12488
-11595	-642	-12540
-11559	-575	-12572
-11677	-345	-12548
-12087	-335	-12256
-12640	-496	-11640
-13055	-878	-10764
-13167	-1114	-10071
-13089	-1456	-9704
-12669	-2152	-9710
-11979	-2894	-9793
-11042	-3463	-9903
-9771	-3679	-10502
-8718	-3485	-10915
-7821	-3040	-11237
-7382	-2722	-11354
-7587	-3010	-11117
-8366	-3635	-10426
-9375	-3853	-9934
-10527	-3727	-9092
-11409	-3314	-8894
-11350	-3348	-8932
-10341	-3782	-9285
-9052	-3856	-9819
-7811	-3366	-10656
-7201	-2507	-11501
-7074	-2101	-11813
-7119	-2126	-11837
-7106	-2145	-11803
-7322	-2060	-12049
-7618	-1731	-12446
-8104	-1321	-12859
-8006	-1783	-12615
-8063	-3449	-10800
-9025	-3913	-8656
-10455	-3529	-7905
-11802	-2776	-7996
-12772	-1808	-8414
-13266	-575	-8673
-13284	1134	-8774
-12637	2450	-8707
-11900	3196	-8498
-10827	3658	-7963
-9666	3880	-7864
-8877	3914	-8015
-8462	3876	-8163
-8142	3720	-7967
-8017	3664	-7934
-8053	3684	-7953
-8076	3697	-7963
-8091	3706	-7975
-8154	3744	-8023
-8602	3858	-8006
-9984	4004	-8395
-11405	3510	-8368
-12256	2744	-8147
-12760	1870	-7952
-13020	1203	-7906
-13115	534	-7880
-13066	-761	-7963
-12284	-2169	-7794
-11170	-3150	-7777
-10313	-3526	-7797
-9611	-3698	-7883
-9320	-3734	-7940
-9137	-3739	-7950
-9052	-3727	-7925
-9039	-3738	-7959
-9019	-3750	-7996
-9041	-3754	-8006
-9193	-3749	-7976
-9978	-3670	-7969
-11258	-3138	-7853
-12521	-1746	-7697
-13085	236	-7747
-12410	2110	-7612
-11432	3189	-7684
-10144	3795	-7779
-9418	3965	-8048
-8992	3971	-8119
-8715	3931	-8138
-8475	3845	-8043
-8340	3826	-8134
-8308	3836	-8204
-8325	3844	-8223
-8613	3863	-8089
-9113	3844	-7837
-9540	3788	-7697
-10041	3826	-7928
-10514	3819	-8274
-10925	3700	-8444
-11228	3588	-8668
-11287	3577	-8842
-11267	3605	-9002
-11353	3567	-9156
-11331	3580	-9166
-11333	3580	-9183
-11321	3584	-9188
-11264	3617	-9196
-10774	3826	-8939
-9892	3942	-8327
-8769	3862	-8056
-8047	3733	-8252
-7682	3667	-8550
-7685	3689	-8612
-7762	3727	-8591
-7787	3741	-8592
-7644	3719	-8793
-7413	3657	-9157
-7461	3704	-9533
-7594	3781	-9644
-7601	3786	-9668
-7292	3543	-10021
-6451	2798	-10064
-5457	1227	-9316
-5324	-286	-8811
-5442	-781	-8436
-5552	-1051	-8262
-5646	-1204	-8085
-5732	-1302	-7937
-5773	-1315	-7834
-5791	-1315	-7789
-5833	-1326	-7698
-5859	-1337	-7651
-5878	-1335	-7604
-5886	-1324	-7578
-5895	-1308	-7547
-5898	-1319	-7549
-5907	-1325	-7535
-5917	-1332	-7519
-5914	-1303	-7508
-5839	-1116	-7511
-5783	-927	-7522
-5729	-730	-7528
-5676	-444	-7553
-5606	-90	-7631
-5640	1095	-8054
-6662	2938	-8304
-8560	3898	-8165
-10301	3823	-8041
-11638	3174	-7956
-12523	2245	-7926
-12964	1346	-7969
-13157	797	-8066
-13170	700	-8060
-13187	722	-8134
-13181	744	-8128
-13206	753	-8213
-13187	715	-8146
-13184	608	-8091
-13217	653	-8201
-13252	620	-8300
-13255	583	-8292
-13245	598	-8265
-13253	579	-8287
-13278	505	-8344
-13276	408	-8329
-13274	333	-8290
-13282	287	-8324
-13292	294	-8359
-13150	419	-7906
-12764	615	-7136
-12175	993	-6423
-11213	1153	-5680
-10191	1006	-5196
-9265	591	-4997
-8809	596	-5011
-8654	655	-5036
-8672	574	-5022
-8551	516	-5034
-8367	509	-5067
-8335	494	-5072
-8344	465	-5068
-8314	448	-5073
-8312	432	-5073
-8337	457	-5068
-9070	452	-4991
-10456	406	-5215
-11683	385	-5893
-12361	368	-6563
-12801	419	-7208
-13081	419	-7770
-13256	436	-8282
-13383	357	-8840
-13409	225	-9544
-13312	187	-10140
-13122	147	-10698
-12843	169	-11218
-12581	213	-11592
-12404	294	-11786
-12283	322	-11911
-12211	327	-11980
-12148	287	-12038
-12164	287	-12029
-12165	286	-12023
-12128	290	-12058
-12125	312	-12062
-12125	340	-12057
-12132	349	-12051
-12138	342	-12046
-12166	338	-12020
-12214	340	-11977
-12218	360	-11971
-12174	367	-12008
-12117	375	-12061
-12146	393	-12031
-12179	406	-12004
-12159	414	-12020
-12233	407	-11950
-12696	291	-11462
-13180	239	-10667
-13409	213	-9618
-13366	161	-8956
-13292	185	-8503
-13253	129	-8324
-13265	100	-8363
-13286	119	-8461
-13288	161	-8471
-13288	174	-8474
-13285	187	-8457
-13285	185	-8455
-13286	170	-8456
-13286	89	-8471
-13289	66	-8478
-13315	112	-8592
-13370	162	-8918
-13410	232	-9464
-13347	232	-10106
-13086	165	-10827
-12765	108	-11352
-12479	59	-11696
-12295	86	-11874
-12246	114	-11922
-12280	166	-11888
-12508	224	-11663
-13024	375	-10899
-13371	552	-9785
-13387	519	-9040
-13343	364	-8695
-13331	154	-8599
-13328	-42	-8658
-13305	-200	-8602
-13200	-266	-8216
-13088	-284	-7878
-12988	-286	-7627
-12947	-280	-7530
-12860	-254	-7341
-12640	-275	-6964
-12421	-321	-6659
-12359	-316	-6574
-12246	-279	-6428
-12102	-221	-6265
-11933	-411	-6130
-11769	-520	-6009
-11583	-565	-5873
-11458	-542	-5775
-11334	-510	-5688
-11219	-502	-5617
-11029	-438	-5500
-10983	-367	-5463
-10871	-253	-5396
-10519	-258	-5250
-10181	-187	-5138
-9820	-233	-5065
-9474	-174	-5021
-9221	-82	-5005
-9005	-86	-5010
-8782	-7	-5025
-8571	2	-5055
-8498	0	-5067
-8463	31	-5076
-8402	22	-5091
-8260	68	-5122
-7958	202	-5208
-7768	223	-5278
-7745	185	-5287
-7687	181	-5307
-7639	163	-5327
-7567	227	-5359
-7401	307	-5443
-7443	279	-5420
-7510	261	-5386
-7453	257	-5412
-7343	247	-5469
-7303	216	-5486
-7122	176	-5590
-6966	264	-5696
-6732	213	-5865
-6577	180	-5992
-6543	163	-6024
-6510	151	-6054
-6469	134	-6093
-6389	81	-6168
-6278	101	-6284
-6216	93	-6356
-6154	96	-6427
-6042	163	-6571
-5876	272	-6815
-5789	323	-6973
-5591	330	-7359
-5341	185	-8053
-5285	225	-8316
-5254	320	-8596
-5240	415	-9045
-5249	315	-9397
-5259	333	-9495
-5267	415	-9509
-5279	335	-9648
-5288	363	-9684
-5290	461	-9649
-5292	458	-9654
-5276	473	-9525
-5273	516	-9425
-5282	554	-9458
-5309	653	-9566
-5354	663	-9828
-5401	558	-10086
-5466	552	-10299
-5617	399	-10725
-5817	377	-11128
-5884	335	-11244
-5927	296	-11317
-5920	291	-11307
-5803	327	-11116
-5491	302	-10446
-5279	290	-9617
-5234	181	-8769
-5361	183	-7981
-5799	95	-6920
-6170	11	-6403
-6521	-80	-6032
-6922	-154	-5715
-7277	-173	-5495
-7526	-207	-5370
-7774	-174	-5265
-8076	-98	-5160
-8494	-84	-5064
-8861	-66	-5017
-9156	-58	-5003
-9609	22	-5025
-10185	66	-5131
-10652	158	-5280
-10990	174	-5432
-11386	198	-5659
-11711	267	-5892
-11971	326	-6116
-12217	418	-6366
-12558	477	-6782
-12824	472	-7195
-12984	484	-7511
-13052	466	-7665
-13125	421	-7849
-13250	404	-8254
-13335	327	-8639
-13374	225	-8970
-13386	183	-9164
-13384	140	-9273
-13383	96	-9334
-13379	103	-9191
-13373	101	-9059
-13369	180	-8995
-13358	245	-8925
-13356	249	-8863
-13347	279	-8824
-13344	333	-8797
-13344	348	-8792
-13340	353	-8754
-13340	367	-8758
-13341	341	-8773
-13341	337	-8780
-13343	356	-8797
-13345	364	-8835
-13348	385	-8893
-13360	370	-8983
-13364	396	-9108
-13366	428	-9342
-13344	474	-9679
-13308	483	-9909
-13275	488	-10075
-13223	508	-10271
-13140	492	-10542
-13045	481	-10787
-12945	472	-11000
-12852	484	-11166
-12790	448	-11274
-12709	410	-11404
-12467	359	-11725
-12290	404	-11919
-12199	425	-12014
-12168	455	-12037
-12080	461	-12118
-11965	468	-12215
-11874	513	-12282
-11818	564	-12316
-11707	611	-12391
-11608	623	-12455
-11526	647	-12510
-11444	647	-12558
-11382	692	-12587
-11305	732	-12622
-11274	702	-12642
-11259	670	-12657
-11241	692	-12664
-11235	707	-12665
-11229	719	-12665
-11203	744	-12672
-11215	733	-12672
-11218	736	-12666
-11212	740	-12669
-11200	753	-12673
-11197	761	-12674
-11222	696	-12677
-11506	465	-12530
-12244	279	-11964
-12886	240	-11092
-13262	198	-10140
-13340	151	-8862
-13043	78	-7706
-12515	103	-6787
-11871	150	-6105
-11131	112	-5597
-10614	31	-5359
-10157	12	-5218
-9838	-75	-5154
-9530	-180	-5123
-9323	-261	-5117
-9113	-282	-5122
-8913	-257	-5131
-8822	-261	-5141
-8780	-258	-5145
-8738	-185	-5145
-8740	-143	-5142
-8744	-116	-5140
-8638	-64	-5154
-8561	-10	-5165
-8389	106	-5199
-8188	173	-5249
-7998	275	-5313
-7689	571	-5463
-7410	841	-5642
-7166	647	-5744
-7127	457	-5749
-7189	351	-5695
-7307	322	-5624
-7425	707	-5606
-7722	1138	-5583
-7853	1695	-5734
-8262	2574	-6186
-8584	3595	-7288
-8556	3975	-8349
-8248	3984	-9481
-8223	3709	-10662
-8384	3104	-11758
-8481	2539	-12328
-8540	2033	-12684
-8361	1249	-12941
-8384	660	-13091
-8358	106	-13104
-8219	-348	-13046
-8203	-612	-12995
-8213	-448	-13033
-8337	999	-12978
-8489	2483	-12382
-8391	3534	-11146
-8403	4004	-9758
-8560	3947	-8230
-8433	3024	-6520
-8700	1833	-5580
-8711	268	-5145
-9091	-2114	-5788
-8828	-3515	-7356
-8871	-3936	-9032
-9002	-3593	-10838
-8658	-2459	-12248
-8633	-1209	-12982
-8774	-21	-13197
-8963	849	-13195
-9422	1015	-13189
-10485	1108	-13032
-11641	436	-12646
-12584	66	-11744
-12996	-195	-11059
-13164	-410	-10544
-13281	-505	-10018
-13320	-503	-9704
-13318	-518	-9681
-13242	-520	-10178
-12807	-551	-11282
-12165	-487	-12122
-10983	-531	-12883
-9794	-587	-13166
-8675	-813	-13064
-7535	-1304	-12469
-6799	-1902	-11553
-6531	-2540	-10343
-6513	-2785	-9049
-7097	-3077	-8025
-8200	-3343	-7413
-9406	-3030	-6666
-10301	-2408	-6203
-10970	-1746	-6037
-11105	-675	-5677
-10570	509	-5381
-9709	868	-5230
-9150	1011	-5238
-8368	1216	-5396
-7623	1616	-5843
-7381	3010	-7173
-7692	3651	-8266
-8183	3956	-9485
-8702	3884	-10524
-8927	3543	-11330
-9093	3028	-12022
-8927	3024	-12003
-8861	2936	-12074
-8764	3164	-11805
-8990	4057	-9951
-9081	3793	-7601
-9540	2411	-5881
-9609	575	-5192
-9229	-605	-5183
-9160	-2181	-5865
-9277	-3815	-8204
-9932	-3585	-10689
-10059	-2379	-12325
-10344	-803	-12983
-10989	1605	-12701
-10793	2794	-11961
-10663	3284	-11474
-10561	3426	-11305
-11239	353	-12742
-10827	-1392	-12705
-10413	-2763	-11824
-9766	-3664	-10589
-9496	-3920	-9135
-9260	-3714	-7884
-9064	-2967	-6593
-8941	-1658	-5551
-8869	243	-5185
-8996	1821	-5533
-9353	2615	-6029
-9656	2571	-6021
-10026	1673	-5545
-10442	73	-5351
-10407	-1939	-5912
-10442	-3366	-7569
-10519	-3648	-9824
-10184	-2224	-12270
-10021	532	-13173
-9742	1851	-12785
-9601	3091	-11925
-9608	3617	-11199
-9461	3907	-10571
-9131	3997	-10260
-8514	3869	-10318
-7977	3772	-10009
-7330	3532	-9292
-7411	3529	-8585
-7840	3675	-8266
-8089	3628	-7836
-8209	3351	-7182
-8338	3550	-7470
-8425	3650	-7642
-8347	3576	-7524
-8063	3540	-7651
-7582	3596	-8474
-7083	3327	-9685
-7261	2867	-11127
-8102	2556	-12103
-8875	2148	-12641
-9464	1712	-12910
-10040	1516	-12953
-10683	1255	-12882
-11422	1042	-12614
-12109	181	-12186
-12571	-326	-11689
-12487	-1458	-11187
-11648	-3014	-10275
-10159	-3735	-8411
-8857	-3376	-7187
-7816	-2452	-6435
-6854	-1529	-6377
-6279	-437	-6573
-5895	791	-7151
-6009	2059	-8189
-6744	3094	-8645
-7905	3755	-8386
-9100	3901	-7911
-10332	3667	-7564
-11445	2834	-7111
-12043	1712	-6725
-12460	461	-6733
-12413	-670	-6818
-12168	-1501	-6934
-11804	-1910	-6848
-11423	-2063	-6623
-10889	-2222	-6377
-10231	-2671	-6482
-9815	-3277	-7109
-9647	-3610	-7727
-9677	-3829	-8519
-10244	-3714	-9977
-11100	-2970	-11119
-12002	-1169	-11919
-12696	660	-11523
-12904	1811	-10156
-12914	1938	-8838
-12627	1858	-7768
-12322	1739	-7166
-12898	1377	-7950
-13261	-77	-9764
-12338	-1921	-10942
-10791	-3008	-11181
-8825	-3427	-10919
-7316	-3151	-10188
-6590	-2776	-8828
-6696	-2414	-7514
-7584	-2218	-6415
-8940	-1830	-5715
-10551	-1340	-5695
-11847	-1098	-6387
-12577	-1376	-7469
-12924	-1346	-8325
-13033	-1365	-9203
-13130	-944	-9977
-13148	-167	-10381
-13299	582	-9660
-13167	641	-8279
-12772	-228	-7355
-12218	-2074	-7686
-11534	-3117	-8718
-11498	-3165	-9568
-11857	-2726	-10326
-12411	-2001	-10493
-12817	-1419	-10237
-12883	-1430	-9715
-12847	-1469	-9420
-12737	-1647	-9141
-12417	-2103	-8916
-12143	-2465	-8844
-12077	-2605	-9102
-12058	-2648	-9482
-11874	-2806	-9748
-11842	-2794	-10013
-12107	-2438	-10442
-12371	-1749	-11039
-12333	-873	-11782
-11743	24	-12463
-10632	633	-13010
-9376	824	-13150
-8684	989	-13064
-8187	1165	-12902
-7785	1474	-12676
-7692	1709	-12545
-8210	2035	-12622
-8704	1887	-12839
-8941	1441	-13045
-9297	1262	-13135
-9558	692	-13222
-9627	-383	-13241
-9306	-1676	-12806
-8753	-2469	-12252
-8356	-2750	-11853
-8034	-2780	-11651
-8105	-2902	-11522
-8538	-2979	-11594
-9214	-2890	-11833
-9615	-2875	-11838
-9733	-2842	-11857
-9742	-2745	-11957
-9404	-2659	-12065
-8642	-2496	-12115
-8068	-2538	-11878
-7366	-2619	-11332
-7135	-2792	-10864
-6903	-2934	-10246
-6529	-2711	-9951
-6226	-2525	-9413
-6098	-2344	-8544
-6071	-2089	-7919
-6117	-1626	-7243
-6677	-1536	-6467
-7116	-1658	-6167
-7666	-2158	-6180
-8076	-2634	-6400
-8641	-2812	-6442
-9216	-2535	-6144
-9748	-2427	-6125
-10272	-2646	-6474
-11022	-2780	-7096
-11572	-2631	-7477
-12086	-2316	-7783
-12476	-2030	-8072
-12990	-1259	-8251
-13314	35	-8491
-12971	1437	-8499
-12243	2583	-8176
-10999	3292	-7469
-10075	3300	-6860
-9283	2790	-6182
-8407	2272	-5907
-7699	2026	-6048
-7502	2217	-6303
-7436	2234	-6372
-7515	2417	-6480
-7984	3087	-6876
-9314	3779	-7590
-10653	3665	-7953
-12005	2882	-8176
-13023	1402	-8292
-13125	-47	-8070
-12797	-1355	-8010
-11972	-2459	-7914
-11114	-3172	-8072
-10374	-3501	-8169
-9728	-3629	-8165
-9260	-3626	-8097
-9178	-3683	-8358
-9800	-3699	-8656
-10977	-3374	-9084
-12282	-2427	-9251
-13102	-913	-8720
-13071	839	-8089
-12289	1972	-7352
-11242	2740	-6891
-10249	3141	-6751
-9375	3171	-6623
-8970	3277	-6749
-8887	3393	-6885
-9201	3291	-6651
-9218	3070	-6333
-8724	2755	-6052
-8164	2392	-5893
-8484	2331	-5772
-9248	2090	-5547
-10039	1417	-5354
-10430	634	-5280
-10627	-54	-5336
-10794	-357	-5443
-10686	-543	-5437
-10577	-763	-5446
-10496	-865	-5443
-10768	-725	-5512
-11328	-108	-5702
-11658	1094	-6048
-11262	2396	-6465
-10565	3203	-6867
-9834	3585	-7136
-9673	3778	-7484
-8973	3942	-7910
-7723	3784	-8793
-6708	3057	-9942
-6092	1377	-11236
-6327	386	-11919
-7299	929	-12645
-8417	2256	-12561
-9982	3437	-11604
-10066	4129	-9552
-10190	3485	-7139
-10433	1969	-5803
-10410	1362	-5518
-10407	1910	-5749
-9599	2809	-6221
-8325	3160	-6753
-7503	3178	-7317
-6874	2988	-7705
-6822	3208	-8261
-7470	3595	-8018
-8260	3307	-6792
-9074	2662	-5981
-10049	2122	-5721
-11156	1558	-5892
-11485	1841	-6257
-11049	2547	-6472
-10292	3104	-6666
-9493	3423	-6871
-8655	3705	-7473
-7496	3602	-8251
-6701	3229	-9234
-6972	3477	-9274
-7767	3822	-8375
-8829	3580	-7088
-9635	3004	-6334
-10875	2462	-6285
-11729	2294	-6783
-11582	2948	-7400
-10489	3709	-7801
-8702	3840	-7818
-7027	3260	-8136
-6546	3068	-8936
-6979	3466	-9091
-7623	3466	-7569
-8590	2878	-6242
-9972	1697	-5529
-11169	892	-5703
-11834	1203	-6261
-11842	2187	-6838
-11068	3181	-7243
-9687	3744	-7534
-8353	3726	-7768
-7250	3320	-8041
-6710	2960	-8240
-6639	2942	-8414
-7663	3638	-8399
-9657	3902	-7907
-11534	2861	-7270
-12166	1291	-6640
-12194	99	-6403
-12089	-1001	-6555
-12028	-1876	-7086
-12037	-2452	-7965
-12115	-2617	-8936
-12044	-2646	-9650
-12411	-2107	-10035
-13017	-1014	-10056
-13235	446	-9344
-12464	2015	-7832
-10653	2486	-6252
-8964	1863	-5564
-8694	1410	-5502
-8893	1523	-5602
-9618	2239	-6009
-10511	3164	-7210
-11506	3073	-8037
-11719	2805	-7791
-11560	2649	-7248
-10989	2458	-6374
-9946	1968	-5601
-9258	1434	-5385
-9179	1299	-5450
-9352	1812	-5727
-10070	2808	-6563
-10960	3014	-7286
-11422	2791	-7398
-11356	2392	-6802
-10986	2020	-6093
-10144	1573	-5432
-9458	1182	-5272
-9251	1057	-5334
-9513	1664	-5628
-10086	2410	-6210
-10807	2915	-7031
-11264	2819	-7272
-11400	2568	-7058
-11228	2374	-6620
-10777	2201	-6025
-9969	1946	-5562
-9319	1664	-5429
-9093	1450	-5450
-9317	1775	-5668
-9995	2413	-6179
-10745	2689	-6720
-11326	2652	-7086
-11576	2392	-7004
-11367	2084	-6509
-10886	1673	-5876
-10087	894	-5273
-9336	126	-5127
-9025	-46	-5184
-9214	385	-5255
-9510	685	-5346
-9742	638	-5378
-9778	524	-5366
-9471	254	-5299
-8947	-558	-5303
-8354	-620	-5362
-8102	680	-5411
-8941	2052	-5645
-10177	2479	-6081
-11429	2315	-6667
-12286	1660	-7088
-12973	633	-7619
-13069	-701	-8053
-12598	-1998	-8385
-11579	-3023	-8309
-10588	-3527	-8180
-9978	-3706	-8219
-9202	-3676	-7888
-8684	-3520	-7631
-8266	-3313	-7386
-8062	-3189	-7305
-8072	-3218	-7356
-8302	-3357	-7476
-9067	-3597	-7797
-10164	-3655	-8313
-11366	-3175	-8407
-12326	-2355	-8290
-12941	-1021	-8006
-12879	403	-7479
-12328	1452	-7013
-11609	2026	-6577
-10568	2079	-5981
-9586	2111	-5795
-8822	2302	-5947
-8380	2357	-6068
-8318	2386	-6117
-9242	2883	-6377
-10365	2850	-6513
-11909	2287	-7129
-12729	1361	-7677
-13217	-176	-8238
-12728	-1774	-8398
-11868	-2827	-8463
-11052	-3336	-8336
-10355	-3573	-8182
-9772	-3621	-7961
-9267	-3545	-7662
-8797	-3417	-7479
-8451	-3280	-7338
-8291	-3271	-7402
-8538	-3472	-7724
-8930	-3625	-7967
-9563	-3752	-8440
-10332	-3633	-8403
-11101	-3268	-8136
-11887	-2569	-7759
-12499	-1376	-7295
-12503	205	-6740
-11591	1544	-6188
-10492	2234	-5974
-9507	2693	-6112
-8245	2682	-6295
-7273	2469	-6628
-6602	2359	-7205
-6203	2348	-7847
-5980	2393	-8616
-5875	2335	-9087
-5813	2229	-9200
-6197	2699	-8957
-7225	3474	-8631
-8743	4006	-8588
-10660	3920	-9161
-12119	3000	-9715
-12963	1844	-9231
-12813	1391	-7669
-11845	1227	-6260
-10881	711	-5466
-10123	-540	-5196
-9696	-1676	-5512
-9015	-2626	-6167
-8501	-2970	-6702
-8462	-3216	-7152
-9146	-3497	-7665
-10499	-3560	-8612
-11732	-2880	-8440
-12608	-1586	-7719
-12582	20	-6914
-11763	1287	-6176
-10119	1660	-5479
-8550	1354	-5397
-7171	623	-5812
-6724	136	-6086
-6824	181	-6012
-7028	359	-5872
-7588	1449	-5777
-9425	2558	-5957
-11546	1512	-6140
-11986	-591	-6350
-11454	-1903	-6597
-10979	-2540	-6844
-11163	-2404	-6831
-11893	-1515	-6686
-12290	-93	-6546
-11889	1770	-6569
-9637	2659	-6106
-7810	2191	-6116
-7037	1700	-6306
-6947	1545	-6287
-7451	1891	-6097
-8574	2462	-5963
-10142	2006	-5642
-10577	216	-5285
-10515	-1374	-5624
-9890	-2414	-6114
-9241	-3224	-7011
-9313	-3771	-8430
-10227	-3684	-9514
-11428	-3015	-10257
-12855	-1036	-10310
-13102	1391	-8956
-11863	2034	-6771
-10544	1669	-5717
-9546	1372	-5351
-8682	1115	-5223
-8363	996	-5204
-8151	788	-5202
-8226	732	-5179
-7939	649	-5247
-7677	652	-5336
-7355	674	-5478
-7483	554	-5394
-8364	503	-5102
-9958	560	-5145
-11511	578	-5865
-12677	575	-7116
-13122	615	-8141
-13220	729	-8735
-13238	780	-9111
-13239	781	-9073
-13245	729	-8997
-13258	647	-8926
-13134	629	-8154
-12522	773	-6889
-11566	879	-5908
-10152	1082	-5258
-8456	843	-5129
-7325	485	-5440
-6543	506	-5992
-5803	985	-7074
-5459	1455	-8407
-5342	1221	-9183
-5243	296	-9503
-5247	-215	-9203
-5358	-750	-8913
-5545	-1317	-8759
-5748	-1684	-8611
-6133	-2276	-8513
-6690	-2850	-8553
-6952	-3076	-8656
-6983	-3109	-8743
-6897	-3046	-8736
-6334	-2363	-8100
-5760	-590	-7527
-5973	1507	-7488
-6949	3077	-8111
-8415	3942	-8782
-9991	4041	-9125
-11530	3421	-9228
-12574	2542	-9024
-13477	1379	-9145
-13626	-126	-9346
-13441	-695	-9459
-13416	-192	-9880
-13321	414	-10079
-13117	1401	-10028
-12253	2863	-9556
-10977	3837	-9231
-9180	4209	-8995
-6985	3467	-9013
-5561	1654	-9100
-5231	-17	-8937
-5492	-1311	-8883
-5706	-1764	-8646
-5735	-1772	-8502
-5603	-1376	-8310
-5509	-649	-7872
-5489	318	-7817
-5796	1720	-7891
-6907	3154	-8043
-8420	3828	-7766
-9869	3510	-6939
-10612	2268	-5952
-10398	644	-5235
-9584	-876	-5141
-8659	-1714	-5455
-7941	-1741	-5710
-7584	-1292	-5734
-7659	-707	-5570
-7529	-151	-5598
-7263	238	-5762
-6994	547	-5978
-6413	554	-6430
-5614	-254	-7404
-5410	-1222	-8418
-5980	-2555	-9005
-7764	-3831	-9144
-9715	-3942	-8356
-11425	-2824	-7427
-12610	-1332	-7503
-13295	125	-8936
-12597	-149	-11348
-10969	-2338	-11810
-9388	-3695	-9959
-8678	-3677	-8479
-8590	-3509	-7952
-8802	-3672	-8355
-9409	-3793	-9448
-10691	-3030	-11057
-12218	-1392	-11480
-13238	150	-9869
-12472	469	-6916
-10344	-488	-5381
-8571	-1175	-5342
-7441	-1169	-5622
-6605	-862	-6029
-6193	373	-6299
-6514	947	-6211
-7258	1293	-5846
-8727	995	-5300
-10322	-255	-5386
-12307	-949	-6873
-13235	543	-8858
-11995	2936	-10206
-9778	4016	-10016
-7941	3817	-9551
-7148	3420	-9210
-6864	3203	-8993
-6795	3120	-8734
-7533	3635	-8925
-9527	4082	-9250
-11841	3137	-9654
-13210	1336	-9441
-13151	-612	-8349
-11973	-2010	-7279
-10148	-2675	-6550
-8713	-2561	-6308
-8309	-2601	-6497
-8592	-2851	-6707
-8998	-3149	-6996
-10246	-3248	-7417
-11939	-2531	-7890
-13069	-91	-8167
-11488	3167	-8010
-8515	3596	-7561
-6638	2099	-7000
-6179	686	-6778
-6015	133	-6885
-6007	-295	-6926
-5981	84	-6956
-5920	1065	-7266
-6763	2824	-7946
-9346	4018	-8827
-12012	3010	-9281
-13189	1471	-9010
-13299	-97	-8310
-12738	-1209	-7697
-11349	-2260	-6860
-10227	-3116	-7166
-9863	-2945	-6769
-9494	-2543	-6218
-9244	-2328	-5967
-8983	-2149	-5762
-8763	-1873	-5549
-8501	-1781	-5495
-8305	-1964	-5619
-8246	-1976	-5633
-8229	-1983	-5637
-8282	-1965	-5613
-8255	-1940	-5606
-8335	-1606	-5416
-8964	-726	-5069
-9218	-378	-5006
-9133	-403	-5009
-9124	-302	-4999
-8933	-319	-5013
-8590	-729	-5129
-8341	-873	-5218
-8514	-338	-5090
-8535	123	-5073
-8458	355	-5090
-8423	611	-5125
-8135	761	-5203
-8006	886	-5260
-8276	1087	-5219
-8127	1127	-5268
-8279	1043	-5199
-8422	1187	-5227
-10218	682	-5224
-11199	708	-5683
-12025	1091	-6457
-12575	1292	-7255
-12893	1449	-8177
-12921	1555	-8765
-12832	1694	-8883
-12758	1821	-8800
-12732	1865	-8734
-12842	1640	-8638
-13150	898	-8460
-13117	-671	-8151
-12217	-2385	-8050
-10421	-3467	-7847
-8656	-3664	-7952
-7366	-3153	-7844
-6566	-2445	-7621
-6410	-2178	-7507
-6409	-2159	-7484
-6343	-1990	-7396
-6291	-1888	-7372
-6366	-2121	-7542
-6796	-2851	-8021
-8471	-3742	-8525
-11536	-3116	-8509
-12955	-1123	-8158
-12823	634	-7528
-12366	1689	-7209
-11579	2399	-6811
-10708	3059	-6803
-10495	3317	-7016
-10167	3444	-7070
-9900	3446	-7020
-9824	3380	-6918
-9723	3309	-6809
-9633	3227	-6702
-9480	3197	-6664
-9320	3197	-6671
-9224	3298	-6809
-9496	3296	-6818
-9735	3053	-6547
-9709	2761	-6186
-9565	2355	-5738
-9211	1880	-5386
-9021	1457	-5175
-8635	1280	-5146
-8488	1210	-5144
-8459	1221	-5150
-8404	1194	-5154
-8298	1156	-5161
-8141	1223	-5211
-8805	808	-4990
-9467	56	-4940
-10850	-480	-5405
-11899	-725	-6234
-12482	-1010	-7062
-12607	-1447	-7628
-12384	-1982	-7845
-11616	-2759	-7834
-10112	-3296	-7390
-8975	-3368	-7329
-8402	-3268	-7284
-7906	-2979	-7086
-7251	-2734	-7212
-7053	-2674	-7318
-6922	-2626	-7383
-6648	-2361	-7382
-6292	-2026	-7479
-6105	-1759	-7518
-5901	-1384	-7528
-5794	-1251	-7658
-5721	-923	-7578
-5665	-765	-7623
-5672	-869	-7663
-5652	-807	-7686
-5630	-696	-7679
-5663	-883	-7704
-6056	-2045	-8131
-7499	-3438	-8417
-9634	-3754	-8217
-11187	-3174	-7923
-12382	-1924	-7700
-12916	-478	-7720
-12777	680	-7522
-12405	1551	-7222
-11753	2125	-6796
-11046	2338	-6397
-10665	2457	-6298
-10171	2578	-6218
-10021	2631	-6199
-9943	2842	-6334
-10642	3141	-6836
-11297	3322	-7510
-12358	2885	-8491
-13091	1600	-9815
-12991	-297	-10946
-12385	-1830	-10806
-12094	-2473	-10329
-12351	-2393	-9707
-12505	-2218	-8614
-12366	-1825	-7407
-11768	-1414	-6299
-10685	-1150	-5448
-9314	-1101	-5091
-8334	-1050	-5134
-7687	-1200	-5371
-7353	-1581	-5669
-7351	-1885	-5835
-7198	-1902	-5938
-7417	-1962	-5855
-7951	-2081	-5698
-9417	-2432	-5792
-10884	-2458	-6341
-11776	-2333	-7098
-12174	-2454	-8104
-12132	-2645	-9584
-11246	-3226	-9843
-10116	-3677	-8815
-9261	-3267	-7263
-8307	-2286	-6232
-7325	-1095	-6036
-6157	-279	-6813
-5426	-39	-8266
-5394	-719	-9668
-6045	-2050	-10373
-6978	-3029	-10358
-8165	-3676	-10110
-8376	-3785	-9410
-7961	-3585	-8581
-7382	-3072	-7733
-6579	-1840	-7036
-5728	-887	-7659
-5381	-689	-8852
-5741	-1485	-10187
-6755	-2513	-10943
-8076	-3233	-11085
-9797	-3518	-10827
-11418	-2857	-10746
-12214	-1743	-11154
-12724	-17	-11035
-12768	1808	-10160
-12276	3025	-8746
-11028	3497	-7390
-9514	3336	-6679
-8576	2904	-6401
-7528	2652	-6717
-7161	2534	-6869
-6983	2492	-6943
-7687	2870	-6710
-9933	2805	-6233
-11773	1876	-6497
-12312	2035	-7314
-12155	2751	-8002
-11193	3515	-7972
-9700	3561	-7154
-8708	3022	-6552
-8052	2534	-6290
-7775	2479	-6337
-7928	2792	-6528
-9296	2978	-6370
-11726	2207	-6738
-12986	463	-7518
-12931	-1018	-7880
-12306	-2377	-8231
-11102	-3363	-8374
-10121	-3743	-8494
-10217	-3757	-8746
-11244	-3372	-8951
-12611	-2114	-8727
-13053	242	-7871
-12159	2106	-7175
-10640	3047	-6775
-9530	3243	-6675
-9024	3194	-6639
-8848	3248	-6798
-8990	3401	-7109
-8620	3274	-7185
-8299	3128	-7101
-8007	2908	-6875
-7975	2987	-6877
-8383	3299	-7015
-9108	3410	-6973
-9896	3366	-6997
-10838	3083	-7011
-11989	2410	-7324
-12777	1090	-7642
-13037	-448	-7972
-12742	-1483	-7979
-12228	-2315	-7932
-11232	-3081	-7751
-10208	-3547	-7802
-9212	-3633	-7739
-8619	-3424	-7403
-8504	-3292	-7240
-8756	-3424	-7445
-9224	-3578	-7729
-9844	-3683	-8228
-10629	-3617	-9119
-11498	-3039	-10167
-12138	-2286	-10662
-12634	-1697	-10392
-13006	-1211	-9843
-13128	-1023	-8937
-13019	-913	-8119
-12617	-1233	-7330
-11667	-1581	-6315
-10252	-1538	-5482
-7880	-732	-5274
-6236	319	-6288
-5670	1174	-7648
-5943	2240	-9227
-6717	2814	-10334
-7270	2945	-10915
-7361	2933	-11024
-6919	2611	-10974
-5930	1861	-10244
-5296	692	-9152
-5351	-244	-7822
-6111	-1030	-6593
-7379	-1288	-5606
-8715	-880	-5091
-9720	-158	-5034
-10532	798	-5326
-11745	1449	-6267
-12195	2173	-7306
-12028	3007	-8283
-11359	3643	-8796
-10344	4004	-8716
-9218	3790	-7840
-8482	2984	-6883
-7947	1428	-5888
-7847	-247	-5570
-7535	-1602	-6109
-6742	-2119	-7085
-5624	-1322	-8323
-5240	-31	-9464
-5486	1712	-9586
-6521	3237	-8718
-7353	3508	-7590
-8367	3119	-6374
-8772	2338	-5713
-10037	1616	-5446
-11766	897	-6125
-12952	574	-7679
-13255	531	-8862
-13249	-53	-9588
-12950	-1310	-9832
-11599	-2999	-8825
-9486	-3463	-7566
-7954	-2726	-6799
-6783	-1281	-6383
-6095	-770	-6892
-5678	-616	-7450
-5514	-1240	-8170
-5806	-2123	-8549
-6383	-2787	-8088
-7096	-3080	-7408
-7667	-3245	-7105
-8036	-3234	-6875
-7761	-2963	-6691
-7942	-2459	-6109
-8937	-1311	-5320
-10606	333	-5386
-12077	1598	-6751
-12535	2275	-8371
-12119	2903	-8798
-11369	3350	-8158
-10836	3470	-7658
-10322	3632	-7479
-10198	3789	-7635
-10285	3946	-7948
-10040	4053	-8088
-9879	4059	-8048
-9997	4066	-8118
-10728	3862	-8228
-11668	3266	-8347
-12522	2195	-8145
-12873	582	-7537
-12251	-1165	-6779
-10806	-1991	-6009
-9244	-1972	-5531
-8304	-1684	-5452
-7630	-1180	-5435
-7670	-1032	-5355
-7605	-736	-5293
-7623	-639	-5293
-8072	-242	-5149
-8802	452	-5125
-9375	1554	-5460
-10017	2214	-5951
-10941	2297	-6323
-11799	2546	-7146
-12483	2618	-8362
-12807	1961	-10172
-12725	46	-11350
-11860	-2015	-11245
-10669	-3431	-10059
-9745	-3610	-8190
-9284	-3306	-7291
-9098	-3233	-7160
-9136	-3362	-7403
-9897	-3650	-8375
-11402	-3123	-9787
-12866	-1306	-10388
-13284	550	-9756
-13150	1515	-8762
-12582	2060	-7706
-11840	2110	-6757
-11039	1792	-6017
-10239	1522	-5601
-9198	1254	-5346
-7885	1047	-5436
-7045	1088	-5769
-7130	1501	-5824
-7659	1918	-5729
-7664	2191	-5930
-7510	2498	-6291
-7693	2784	-6535
-8147	3002	-6614
-8878	3084	-6558
-9859	2699	-6241
-11007	1834	-6027
-12212	1117	-6633
-12829	996	-7634
-12961	1291	-8440
-12859	1826	-8932
-12407	2669	-9212
-11808	3285	-8833
-11202	3607	-8440
-11015	3640	-8232
-10927	3667	-8198
-11170	3521	-8097
-11694	3163	-8134
-12320	2490	-8309
-12968	1288	-8405
-13134	-147	-8225
-12957	-1092	-8022
-12449	-1819	-7646
-11638	-2207	-6919
-10480	-2001	-5926
-9533	-1589	-5375
-8800	-1412	-5239
-8249	-1109	-5192
-7613	-663	-5281
-7349	-368	-5324
-7397	2	-5284
-7783	316	-5133
-8307	813	-5075
-9575	1116	-5096
-11072	1061	-5610
-12402	797	-6711
-13011	780	-7822
-13262	545	-8715
-13289	220	-9369
-13189	552	-9996
-13086	1062	-10252
-12797	2528	-10374
-11704	3680	-9652
-10420	4006	-8362
-9581	3399	-6970
-8406	1552	-5756
-7800	151	-5575
-7804	-590	-5629
-7818	-595	-5609
-7774	-591	-5621
-7647	-543	-5659
-7555	-337	-5669
-7800	768	-5676
-8502	2587	-6325
-10090	3869	-8266
-11949	3020	-10081
-12842	1834	-9876
-13109	1384	-8750
-12718	1258	-7430
-11864	1238	-6306
-10823	714	-5454
-9512	-470	-5082
-7817	-1325	-5471
-6742	-1790	-6346
-5701	-1200	-7458
-5358	664	-8521
-5944	2063	-8434
-6896	2671	-7496
-8010	2402	-6353
-9203	517	-5308
-10930	-1855	-6276
-12279	-2085	-7917
-13053	-1029	-8757
-13263	-31	-8774
-13121	457	-8149
-12767	786	-7363
-12028	1084	-6455
-11160	1347	-5832
-9978	1818	-5505
-8761	2018	-5491
-7971	1973	-5601
-7274	1701	-5745
-6819	1185	-5824
-6743	929	-5800
-6924	766	-5648
-7407	625	-5363
-8557	327	-5017
-10105	-18	-5130
-11195	24	-5628
-11975	298	-6259
-12162	696	-6528
-12231	776	-6631
-12487	762	-6939
-12914	974	-7677
-13227	1070	-8629
-13302	773	-9625
-13255	685	-9893
-13268	626	-9830
-13121	788	-10192
-12896	1390	-10422
-12309	2691	-9799
-10989	3556	-7894
-9569	3274	-6798
-9133	2748	-6342
-8946	2569	-6259
-8561	2430	-6222
-8391	2329	-6186
-8163	2312	-6244
-8183	2408	-6314
-8305	2636	-6482
-8482	3021	-6845
-9520	3920	-8327
-11284	3386	-10500
-12351	2183	-10724
-12885	1464	-10409
-13086	1196	-10082
-13271	977	-9801
-13371	648	-9557
-13430	236	-9316
-13353	-462	-9135
-13227	-942	-8987
-13107	-883	-8252
-12958	-679	-7719
-12427	-1074	-7011
-11562	-1962	-6618
-10744	-2597	-6598
-9969	-3028	-6779
-9203	-3216	-6956
-8384	-3202	-7092
-7626	-3018	-7266
-7188	-2864	-7421
-6850	-2612	-7457
-6814	-2253	-7030
-6782	-1976	-6800
-6331	-1570	-7036
-6134	-1446	-7240
-6232	-1591	-7228
-6949	-2352	-7117
-8063	-3442	-8038
-8393	-3637	-8494
-8682	-3732	-9090
-10106	-3622	-9932
-11822	-2586	-10461
-12675	-1586	-10347
-13226	684	-9102
-12476	2042	-7702
-11007	2611	-6548
-10260	2933	-6481
-9624	2945	-6308
-8681	2988	-6341
-7723	2985	-6690
-6963	2828	-7080
-6749	2736	-7160
-6657	2790	-7369
-6562	2269	-6908
-8736	2739	-6103
-11369	1059	-5868
-12191	-800	-6608
-11913	-2444	-7600
-10293	-3472	-7746
-9487	-3292	-7101
-8825	-3229	-7112
-8546	-3347	-7658
-9016	-3520	-8189
-9052	-3578	-8397
-8916	-3562	-8382
-8975	-3562	-8356
-9013	-3597	-8461
-8982	-3618	-8556
-8949	-3640	-8633
-9005	-3653	-8715
-9106	-3672	-8887
-9263	-3690	-9439
-9575	-3679	-9985
-10868	-3156	-10600
-12128	-2236	-10689
-13310	-415	-9908
-12741	1547	-7929
-10518	2035	-5957
-8606	1565	-5516
-7336	342	-5683
-7002	-897	-6001
-7050	-1436	-6215
-7061	-1881	-6470
-7037	-1928	-6523
-7015	-1721	-6397
-6945	-1639	-6395
-6798	-1419	-6391
-6189	-748	-6672
-5587	502	-7527
-5866	2385	-8465
-6723	3355	-8436
-6959	3384	-7957
-7244	3388	-7542
-9077	3574	-6884
-10303	2558	-6000
-10125	1917	-5582
-11341	885	-5832
-12807	-108	-7321
-13122	-857	-8487
-13058	-862	-8263
-12808	-177	-7317
-11644	1457	-6222
-10017	2711	-6182
-8679	2812	-6241
-8265	2642	-6209
-8016	2571	-6246
-8531	3292	-6864
-11023	3413	-7729
-13173	520	-8474
-12395	-2203	-8664
-11393	-3084	-8496
-10891	-3395	-8622
-10384	-3599	-8819
-10655	-3526	-9435
-11693	-2861	-10110
-12821	-1684	-9472
-10810	-416	-5378
-8095	-1008	-5224
-6981	-1383	-5896
-8034	-1990	-5770
-10624	-1829	-5872
-12670	-850	-7299
-13238	-666	-9057
-12630	-1759	-10312
-11130	-3256	-9867
-9882	-3724	-8867
-9329	-3702	-8453
-9441	-3675	-8397
-9396	-3662	-8347
-9159	-3710	-8513
-9477	-3756	-9528
-11028	-3163	-10439
-12391	-1921	-10725
-13396	-407	-9756
-12806	1121	-7883
-11327	2207	-6555
-9982	2312	-5931
-8466	1481	-5466
-7533	-286	-5583
-7322	-1893	-6302
-7509	-2399	-6625
-7515	-1703	-6090
-8216	114	-5245
-10335	1789	-5730
-11877	2243	-7429
-12688	2059	-8952
-12677	1928	-10275
-12333	2337	-10457
-12064	2909	-9676
-12012	2759	-8120
-11084	2018	-6196
-9817	370	-5169
-9824	-492	-5165
-10963	-495	-5531
-11783	-483	-6207
-11789	-251	-6214
-11208	-432	-5861
-10505	-1025	-5677
-9952	-1566	-5737
-8799	-1845	-5828
-7728	-1653	-6008
-7711	536	-5598
-9982	2396	-5959
-12253	1760	-6956
-13216	633	-8281
-13137	655	-10364
-11919	1167	-12002
-10666	1709	-12515
-10554	2611	-11976
-10413	2813	-11921
-10882	2608	-12077
-11192	2492	-12018
-11117	1878	-12399
-10963	329	-12712
-11035	-370	-12686
-12198	74	-11944
-13104	766	-10209
-12752	671	-7445
-10701	-1039	-5601
-8998	-2666	-6240
-9175	-3299	-7138
-9513	-3675	-8048
-9683	-3748	-8389
-8986	-3077	-6893
-7847	-1350	-5722
-7961	708	-5444
-8556	1061	-5301
-8281	136	-5208
-7856	157	-5331
-7656	1655	-5694
-8497	2367	-5764
-8357	1865	-5479
-8194	1303	-5266
-8224	827	-5137
-8556	664	-5037
-9709	140	-5010
-10757	-560	-5425
-10456	-2056	-5985
-9824	-2840	-6540
-9848	-3153	-6989
-9625	-3478	-7605
-9536	-3713	-8424
-9617	-3705	-8417
-9573	-3668	-8255
-9592	-3695	-8382
-9874	-3698	-8480
-11041	-3183	-7778
-11395	-2503	-6958
-10982	-1697	-5935
-9967	-737	-5165
-8770	184	-4995
-7895	729	-5307
-7060	713	-5810
-6455	-346	-6306
-6570	-1322	-6605
-7472	-1684	-6059
-8399	-2324	-6139
-9247	-2228	-6041
-9669	-2057	-5977
-9974	-1968	-5973
-9830	-2315	-6172
-8983	-2946	-6702
-7761	-3103	-7512
-6615	-2539	-7921
-5689	-1303	-7913
-5495	-182	-7566
-5836	824	-6826
-6625	1468	-6079
-7312	1450	-5557
-7391	1176	-5432
-7522	1040	-5351
-7676	872	-5261
-7751	758	-5216
-7980	611	-5127
-8787	257	-4963
-8973	-287	-4980
-8954	-337	-4978
-8923	-17	-4933
-8880	814	-4982
-8004	1433	-5377
-7074	1015	-5796
-6733	203	-5978
-6546	-683	-6330
-6651	-1441	-6589
-8250	-1224	-5553
-10715	-540	-5506
-12629	-54	-7005
-13245	-192	-8546
-13233	-98	-9842
-12810	-101	-11071
-12464	-72	-11599
-12355	268	-11758
-11583	41	-12437
-11094	-747	-12550
-10859	-1666	-12314
-10899	-2481	-11627
-11187	-3183	-10223
-10872	-3529	-8804
-9733	-3770	-8050
-8574	-3848	-8011
-8258	-3781	-7822
-8039	-3401	-7036
-7545	-2845	-6543
-7119	-2732	-6765
-6847	-2744	-7098
-6802	-2670	-7036
-7662	-3110	-6790
-8724	-3708	-7314
-8592	-4013	-8502
-7852	-3731	-9904
-7336	-3292	-10180
-7336	-3289	-9774
-7644	-3430	-9157
-8128	-3542	-9024
-8410	-3606	-9114
-8789	-3713	-9177
-9265	-3786	-9011
-10056	-3710	-8885
-10891	-3487	-8984
-11280	-3257	-8456
-11297	-3154	-8006
-11033	-3065	-7377
-10607	-2882	-6725
-10193	-2474	-6083
-9810	-1798	-5516
-9487	-880	-5102
-9454	380	-4995
-8982	1702	-5281
-8256	2473	-5878
-7119	2187	-6331
-6373	1054	-6451
-6069	176	-6729
-5855	-601	-7185
-5876	-1315	-7643
-5922	-1608	-7882
-6022	-1900	-8091
-6115	-1920	-7921
-6960	-2101	-6972
-8248	-2258	-6279
-9239	-1845	-5807
-9723	-1544	-5695
-9771	-1376	-5632
-9301	-1501	-5638
-8537	-1818	-5857
-7341	-1555	-6183
-5899	-634	-7146
-5311	139	-8379
-5247	560	-8734
-5244	798	-9009
-5260	962	-9257
-5408	1493	-9346
-5796	2335	-8825
-6791	3095	-7674
-7886	2791	-6331
-9489	2052	-5521
-10429	323	-5243
-10881	-1041	-5567
-11115	-2540	-6633
-11349	-3234	-8084
-11687	-3125	-9331
-11330	-3172	-10109
-10755	-3229	-10651
-9935	-3520	-10388
-9214	-3753	-9350
-8701	-3668	-8629
-8368	-3452	-7959
-8260	-3347	-7813
-8711	-3604	-8349
-9568	-3720	-8542
-10135	-3637	-8432
-10617	-3534	-8367
-10779	-3363	-7836
-10659	-3142	-7151
-10480	-2679	-6377
-10349	-1720	-5637
-9834	-483	-5164
-9512	23	-5158
-9430	210	-5196
-9546	261	-5193
-9910	236	-5229
-11097	1021	-5818
-12889	1036	-7766
-13075	180	-10361
-11447	-1457	-12077
-10098	-2689	-11810
-9264	-3303	-11069
-9202	-3514	-10687
-10037	-3174	-11274
-11693	-2291	-11330
-13069	-1348	-9719
-13072	301	-7852
-13269	305	-8484
-13196	-405	-10241
-11566	-1745	-11876
-9959	-2708	-11903
-9733	-2962	-11619
-9791	-3102	-11381
-10820	-1984	-12138
-12752	1233	-10566
-12071	2274	-7508
-10902	2329	-6288
-9543	2448	-5934
-9019	2514	-6009
-8810	2773	-6124
-8894	2773	-5997
-9111	2459	-5715
-9277	2403	-5656
-8488	2755	-6004
-7447	2816	-6600
-6444	1262	-6419
-6667	-20	-6201
-7477	-1424	-5989
-8472	-2355	-6257
-8112	-1363	-5788
-8512	1223	-5504
-10316	2465	-6308
-10686	2195	-6316
-10535	2053	-6159
-10099	2315	-6139
-9396	2430	-5958
-8610	2598	-6110
-8403	2809	-6219
-8485	2686	-6002
-8550	2503	-5801
-8763	2737	-5920
-7807	2481	-6070
-7623	1954	-5934
-7977	1266	-5584
-8052	-648	-5529
-8007	-1665	-5947
-7526	-1343	-6002
-7220	240	-5784
-9943	2280	-5938
-12469	1039	-7012
-13269	-449	-8821
-12706	-1156	-10740
-12297	-1435	-11209
-12549	-1373	-10865
-13193	-783	-9842
-13170	162	-8130
-12230	744	-6551
-9661	998	-5154
-8540	894	-5109
-8328	1075	-5177
-7686	1258	-5427
-7110	1265	-5722
-6760	1245	-5967
-6552	1291	-6170
-7127	1178	-5698
-9029	1072	-5141
-10599	1152	-5477
-11880	901	-6257
-12950	841	-7774
-13252	766	-9243
-13060	958	-10316
-12892	1059	-10648
-13082	1046	-10132
-12557	1748	-7741
-10210	1790	-5695
-7565	250	-5529
-6887	-1724	-6592
-6639	-2414	-7613
-6621	-2496	-7787
-6572	-2492	-7874
-6363	-2105	-7612
-6046	-854	-7132
-7210	2022	-6463
-10861	2418	-6511
-12948	937	-7603
-13276	-909	-8143
-12745	-1987	-8858
-12211	-2355	-10174
-11645	-2070	-11474
-11873	-1135	-11972
-12388	447	-11682
-12774	879	-11088
-13223	-49	-10160
-12954	-1469	-8755
-11770	-2615	-7488
-9985	-3182	-6726
-7814	-3190	-6888
-7090	-3003	-7210
-6613	-2717	-7371
-6331	-2583	-7685
-6346	-2569	-7642
-6670	-2623	-7213
-8423	-2817	-6300
-10999	-2273	-6401
-12689	-813	-7369
-13068	1093	-8394
-12440	2568	-9350
-11615	3289	-8894
-10773	3581	-8066
-10593	3595	-7863
-10793	3518	-7852
-10897	3372	-7636
-12424	2147	-7864
-12335	312	-6728
-10649	-1632	-5842
-8594	-2367	-5936
-7862	-2429	-6171
-7603	-2381	-6240
-7332	-2299	-6318
-7027	-2182	-6453
-6696	-2144	-6733
-6644	-2138	-6784
-6667	-2160	-6782
-6864	-2231	-6658
-8199	-2846	-6521
-10600	-2696	-6604
-12021	-1570	-6879
-12688	-516	-7305
-12747	-364	-7404
-13144	-103	-8318
-13222	-685	-9834
-12397	-1602	-11016
-11151	-2436	-11588
-10162	-2949	-11501
-9730	-3098	-11419
-9883	-3083	-11410
-10620	-2821	-11458
-11860	-2254	-11113
-12924	-1289	-10130
-13219	-255	-8692
-12485	492	-6962
-11206	784	-5785
-9576	812	-5269
-8672	802	-5239
-8691	737	-5226
-9834	872	-5307
-11876	788	-6308
-13081	-604	-8320
-12571	-1801	-10424
-12341	-968	-11578
-12260	942	-11694
-11982	2678	-10835
-11298	3408	-10405
-11519	3310	-10200
-12614	2298	-9890
-13112	1058	-8602
-12737	-169	-7186
-11203	-1202	-5889
-9347	-1329	-5322
-8309	-1037	-5293
-7598	-873	-5463
-6932	-946	-5865
-6814	-1069	-6012
-7503	-1242	-5667
-9061	-1314	-5343
-10112	-897	-5358
-10764	-582	-5522
-11585	-438	-5997
-12443	31	-6831
-12829	787	-7585
-12850	1697	-8448
-12459	2576	-9168
-11887	3187	-9184
-11583	3435	-9033
-11619	3416	-9119
-11625	3402	-9125
-11582	3423	-9095
-12126	2941	-9490
-12868	1876	-8797
-12506	652	-6961
-11661	-199	-5973
-10685	-879	-5481
-9111	-1520	-5351
-7499	-1695	-5792
-6151	-1536	-6834
-6174	-1619	-6860
-6259	-1708	-6819
-6344	-1785	-6772
-7150	-2250	-6427
-9372	-2633	-6098
-11285	-2070	-6446
-12629	-1051	-7359
-13112	497	-8305
-12780	2074	-9266
-12260	2775	-9654
-11772	3309	-9401
-11857	3143	-10085
-11645	3270	-10140
-11199	3635	-9673
-11311	3578	-9566
-12588	2327	-9632
-13154	965	-8623
-12669	-47	-7105
-11704	-549	-6039
-10391	-1252	-5459
-8869	-2203	-5661
-7882	-2260	-5901
-7814	-2379	-6024
-8439	-2246	-5731
-8649	-2246	-5717
-10911	-2258	-6299
-12878	-1120	-7872
-13282	349	-9390
-12832	1214	-10780
-12246	2038	-11120
-11904	2776	-10792
-11791	2867	-10831
-12624	1761	-10702
-13275	55	-8947
-12051	-935	-6428
-11415	-842	-5824
-10764	-732	-5425
-10950	-601	-5493
-11206	-426	-5606
-11354	-295	-5688
-10486	-498	-5288
-7071	-979	-5707
-6425	-671	-6128
-5983	-388	-6562
-5810	-500	-6840
-5776	-681	-6964
-5954	-1004	-6826
-6410	-1260	-6422
-7892	-2137	-5962
-10560	-2140	-6098
-12639	-818	-7272
-12819	1885	-9377
-11825	2941	-10521
-11603	3232	-10310
-11354	3511	-9982
-11219	3588	-9987
-11187	3610	-9939
-11235	3563	-10041
-11673	3047	-10602
-12843	1682	-10329
-12498	1271	-7240
-10328	2016	-5851
-8528	2474	-6086
-7729	2597	-6548
-7407	2484	-6670
-7361	2395	-6616
-7440	2483	-6633
-7657	2627	-6631
-8641	3006	-6594
-11369	1984	-6392
-12519	-767	-6965
-12235	-2021	-7476
-11530	-3117	-8444
-10669	-3600	-9437
-9979	-3636	-10209
-10164	-3523	-10405
-11372	-2758	-10877
-12313	-1743	-11004
-12922	-703	-10645
-13286	187	-9712
-12810	1840	-8429
-11540	2890	-7218
-10059	2720	-6215
-9467	2508	-5973
-9902	2239	-5801
-10649	1106	-5481
-11673	-638	-6024
-11137	-2695	-7049
-9673	-3202	-7022
-8344	-3006	-6931
-7657	-2418	-6649
-7903	-2019	-6311
-8109	-1942	-6325
-8003	-1822	-6253
-7842	-1870	-6276
-7947	-2148	-6338
-8779	-3074	-6997
-10447	-3485	-8204
-12112	-2593	-8792
-13255	-410	-8521
-12028	2235	-7170
-9491	2740	-6163
-7975	2331	-6090
-7860	2155	-6013
-9916	3208	-6722
-12836	750	-7527
-12240	-2009	-7573
-10519	-3047	-7197
-8993	-2900	-6707
-8704	-2615	-6550
-8690	-2644	-6586
-8556	-2737	-6682
-8540	-3180	-7266
-9034	-3602	-7991
-10561	-3552	-8882
-12256	-2549	-9133
-13302	333	-8862
-11544	2993	-7856
-8341	2923	-6592
-7446	2192	-6381
-6822	1379	-6307
-6588	927	-6357
-6446	457	-6374
-6880	619	-6019
-7610	388	-5541
-8079	-350	-5401
-8299	-1237	-5537
-8383	-1485	-5618
-8429	-1732	-5745
-8273	-1796	-5870
-7610	-1328	-5939
-6575	-1028	-6496
-5992	-1445	-7503
-6123	-2249	-8581
-6609	-2865	-8980
-7159	-3280	-9222
-7355	-3403	-9284
-7022	-3201	-9030
-6091	-2104	-8318
-5869	63	-7075
-7706	2081	-6139
-10154	2369	-6102
-12279	1621	-7106
-12512	1576	-7400
-12313	1786	-7322
-11644	2062	-6722
-9825	2395	-5962
-7928	2367	-6161
-5640	491	-7661
-5709	-1447	-8261
-6631	-2816	-8540
-6971	-3102	-8499
-6906	-3021	-8339
-6518	-2532	-8048
-5816	-660	-7352
-6566	1678	-6761
-8728	2769	-6271
-11003	1902	-6070
-11976	699	-6296
-12379	527	-6639
-12246	1033	-6645
-11246	1223	-5990
-10210	1490	-5713
-8875	644	-5359
-7250	-743	-5935
-6075	-1123	-7212
-5686	-834	-7755
-5600	-443	-7806
-5691	-162	-7543
-6389	704	-6699
-8082	3365	-7480
-10779	3797	-8893
-12690	2300	-9410
-13023	1288	-8391
-12466	739	-6846
-11058	333	-5545
-9546	-235	-5068
-8248	-978	-5273
-7879	-953	-5384
-7834	-448	-5303
-7977	-148	-5185
-8062	-18	-5153
-8141	-43	-5129
-8042	-62	-5156
-8007	-69	-5165
-7862	-188	-5215
-7813	-310	-5239
-7865	-470	-5226
-8940	-620	-5055
-11295	-181	-5663
-12728	355	-7146
-13145	659	-8169
-13181	726	-8313
-13160	985	-8360
-13132	1172	-8472
-13117	1187	-8389
-13024	1210	-8161
-11825	1797	-6637
-9029	1624	-5479
-7064	249	-5847
-6058	543	-6756
-6114	1399	-6849
-6628	781	-5974
-6919	-341	-5721
-7780	-1282	-5525
-9103	-1712	-5493
-10301	-1988	-5888
-11978	-2008	-7197
-13289	-802	-9006
-12748	1905	-8902
-10033	3558	-7398
-7535	2817	-6946
-6511	2045	-7171
-6363	2027	-7390
-6520	2144	-7280
-7947	3077	-7047
-10956	3361	-7678
-13078	938	-8944
-12610	-2108	-9119
-10305	-3636	-8684
-9097	-3741	-8394
-8620	-3636	-8385
-8710	-3625	-8345
-8891	-3720	-8678
-9290	-3803	-9304
-10930	-3419	-9640
-12728	-1937	-9025
-12738	1095	-7661
-9982	2830	-6463
-7086	1914	-6535
-6238	951	-6798
-6318	1040	-6724
-7014	2030	-6641
-8596	2959	-6534
-8897	2448	-5895
-9047	1642	-5347
-8260	892	-5158
-7558	517	-5326
-7293	689	-5471
-6947	1054	-5758
-6805	1130	-5882
-7116	845	-5605
-8785	966	-5146
-11128	1247	-5788
-12515	1223	-7089
-13213	1214	-8871
-13235	981	-9723
-13232	550	-10176
-13016	-668	-10381
-12176	-2242	-10519
-10928	-3413	-9524
-9504	-3639	-8110
-8186	-2955	-7027
-6958	-2204	-6865
-6193	-2070	-7500
-6267	-2748	-8421
-7009	-3336	-8269
-8171	-3092	-6790
-8990	-2403	-6031
-9186	-1819	-5692
-8782	-1204	-5455
-8224	-243	-5272
-9179	-290	-5154
-10886	-589	-5624
-12313	-232	-6559
-12788	2027	-9332
-10871	3569	-9684
-8364	3753	-7878
-6844	1785	-6556
-6661	579	-6280
-6739	271	-6159
-6811	82	-6091
-6762	-107	-6128
-6672	108	-6198
-6596	1148	-6546
-7499	3409	-7988
-10648	3829	-9334
-13117	1313	-9580
-13360	-1047	-8602
-11880	-1858	-6899
-10030	-1776	-5726
-7814	-1853	-5859
-7021	-2339	-6767
-7484	-2832	-7077
-9961	-3325	-7468
-12359	-1296	-7546
-12326	1728	-7306
-11033	3316	-7787
-9597	3979	-8629
-9275	4000	-8770
-10047	3724	-7965
-11542	2320	-6954
-12358	-617	-7005
-10227	-2985	-6891
-7188	-2747	-7376
-5911	-1475	-7787
-5597	-199	-7539
-6281	353	-6403
-7486	589	-5493
-8520	909	-5255
-10004	1062	-5363
-9879	1415	-5447
-8844	2026	-5630
-6337	1391	-6709
-5545	-505	-8022
-7153	-3065	-8161
-10813	-3061	-7789
-12332	-1164	-7399
-12332	1349	-7051
-10999	3471	-8159
-9755	3889	-10180
-9185	3227	-11612
-9251	3380	-11400
-10234	3903	-8953
-12047	2393	-7576
-12506	-276	-7189
-10715	-3088	-7272
-7554	-3063	-7518
-5884	-1384	-7723
-5784	78	-7123
-6426	591	-6223
-7300	622	-5520
-8085	1057	-5257
-8950	1163	-5140
-10102	976	-5215
-11377	137	-5699
-11385	-1651	-6276
-10791	-3103	-7473
-9974	-3474	-7764
-9404	-3324	-7324
-9127	-2712	-6442
-8276	-1694	-5793
-6769	-930	-6141
-5593	-1222	-7762
-5570	-1915	-8771
-6457	-2410	-7241
-8505	-2701	-6228
-11913	-1502	-6795
-13092	1119	-8356
-13118	1223	-8499
-13092	1204	-8336
-12855	908	-7523
-12690	545	-7063
-12605	37	-6895
-12506	-1061	-7008
-12485	-1768	-7488
-12485	-1789	-7502
-12227	-1659	-6988
-12598	-262	-6945
-12914	841	-7607
-13085	1082	-8252
-13069	1003	-8155
-13056	991	-8093
-13006	1029	-7946
-13022	1382	-8294
-13163	1186	-9733
-12892	-456	-10864
-11508	-2697	-10663
-9935	-3633	-8407
-8296	-3084	-7128
-7245	-2697	-7140
-6739	-2593	-7395
-6593	-3040	-8604
-6827	-3330	-9216
-6847	-3374	-9207
-6989	-3450	-8668
-7876	-3647	-7867
-8679	-3171	-6699
-9396	-2689	-6183
-9080	-2639	-6106
-7939	-2894	-6531
-7066	-3237	-7754
-6608	-3175	-8850
-6333	-2886	-9506
-6457	-3040	-9214
-7066	-3424	-8413
-8284	-3347	-7055
-10030	-2956	-6641
-11930	-1922	-7119
-12963	-200	-7906
-12431	1551	-7627
-11377	1953	-6431
-9342	2190	-5739
-7633	2407	-6372
-7047	2261	-6709
-7083	1906	-6392
-7457	2604	-6734
-9480	3669	-7538
-12057	2836	-8348
-13422	524	-9111
-12787	-1549	-9928
-11366	-2695	-10972
-11038	-2593	-11452
-10394	-2488	-11917
-10414	-2067	-12263
-11065	-1574	-12300
-11808	33	-12363
-12846	1660	-10230
-12883	1510	-8045
-12801	813	-7013
-12369	704	-5908
-11324	502	-5371
-11012	30	-5274
-9840	-1536	-5393
-8391	-2280	-6020
-7397	-1808	-6171
-6592	-154	-6287
-6510	2092	-7082
-7032	3113	-7732
-7585	3393	-7502
-8079	3402	-7088
-8062	3165	-6734
-8026	3243	-6814
-7510	3088	-6911
-7508	3124	-6954
-7695	3044	-6822
-7899	2691	-6430
-7863	2638	-6418
-8020	2765	-6465
-8124	2790	-6443
-8235	2799	-6400
-9074	2711	-6134
-10518	2302	-6047
-11772	1197	-6254
-12235	40	-6504
-12385	-889	-6875
-12489	-1094	-7142
-12804	-1542	-8356
-12343	-2207	-10036
-11796	-1965	-11386
-11950	-1556	-11585
-12627	-960	-11043
-12665	-908	-11039
-12811	-476	-10969
-12954	510	-10899
-12741	1366	-10807
-12510	2183	-10465
-12086	3002	-9633
-11700	3408	-9486
-12151	2854	-10052
-12780	864	-10880
-12405	-905	-11474
-11615	-1765	-11775
-11061	-2277	-11794
-11012	-2364	-11741
-11313	-2145	-11733
-11861	-2085	-11270
-12544	-2141	-8789
-11874	-1748	-6725
-10982	-1180	-5706
-10639	-993	-5477
-10122	-410	-5195
-8905	625	-5161
-7639	1354	-5714
-6973	1512	-6214
-7307	2384	-6520
-8903	3076	-6443
-9555	2841	-6180
-9388	2170	-5638
-8857	1583	-5359
-8479	937	-5215
-9466	977	-5193
-10432	1611	-5617
-10799	3240	-7133
-8425	4005	-8839
-6494	2938	-9452
-5826	1899	-10105
-6632	2115	-11499
-8459	3661	-11121
-10152	4172	-9644
-10404	4090	-8974
-8845	4055	-8449
-6842	2977	-7950
-5424	1141	-9129
-5898	319	-11294
-7541	916	-12732
-8590	1383	-12966
-8584	1383	-12963
-8057	1485	-12779
-6321	1249	-11596
-5483	731	-10245
-5617	1638	-9340
-6832	3148	-8545
-10105	3964	-8634
-12104	2962	-9104
-13091	1538	-9646
-13433	73	-9826
-13256	-872	-9587
-13258	-714	-9397
-13330	655	-9501
-11592	3405	-9379
-8235	3894	-8521
-6481	2973	-9193
-6331	2816	-9719
-6688	3163	-9765
-8220	4015	-9254
-10973	3792	-9192
-13013	1667	-9350
-13354	261	-9549
-13230	-751	-9468
-13127	-1164	-9358
-13132	-1143	-9393
-13248	-443	-9540
-12774	2185	-9549
-10135	4020	-9153
-6991	3324	-9311
-6372	2706	-9916
-6274	2616	-9847
-7172	3445	-9370
-10110	4029	-9409
-12689	2263	-9877
-13255	-105	-9625
-12948	-1584	-9014
-12528	-2224	-8847
-12434	-2342	-8840
-12554	-2196	-8875
-13107	-1063	-9433
-13108	1362	-9917
-11055	3724	-9545
-8335	3940	-9029
-6955	3311	-8931
-6495	2965	-9061
-6598	3069	-9103
-6546	3009	-8998
-7902	3778	-8681
-10930	3808	-9216
-12859	2024	-9677
-13317	-434	-9451
-12921	-1614	-9193
-12783	-1866	-9145
-12742	-1917	-9042
-12554	-2166	-9467
-12417	-2094	-10273
-11886	-2094	-11201
-10954	-2455	-11663
-10054	-2989	-11411
-9978	-3026	-11373
-10711	-2327	-11900
-12385	-578	-11512
-13196	867	-9059
-12274	1445	-6946
-11018	1746	-5970
-9599	1767	-5520
-8934	1704	-5462
-8489	1624	-5464
-7768	1668	-5686
-7053	1654	-6047
-6464	1428	-6411
-5777	1328	-7283
-5515	1112	-7710
-5342	732	-7923
-5359	399	-7675
-5694	-40	-6872
-6422	-159	-5983
-7556	-321	-5288
-11508	192	-5787
-12453	74	-6736
-12785	-233	-7282
-13006	-414	-7806
-13035	-363	-7871
-13059	-192	-7876
-13059	-191	-7878
-13055	-218	-7876
-13037	-210	-7829
-12983	-33	-7652
-12843	251	-7360
-12680	422	-7080
-12647	404	-7018
-11711	590	-5955
-10170	605	-5148
-8736	692	-5026
-7873	1004	-5278
-7582	1182	-5433
-7503	1340	-5516
-7352	1540	-5661
-6195	1303	-6547
-6089	1521	-6809
-6150	1600	-6768
-6016	1530	-6910
-5663	1383	-7469
-5652	1461	-7569
-5835	1690	-7407
-6531	2097	-6732
-7767	1914	-5696
-8165	682	-5153
-7199	-20	-5485
-6369	-967	-6281
-6855	-1313	-5985
-8356	-1084	-5246
-9395	845	-5150
-9048	1909	-5556
-9260	1844	-5526
-10938	810	-5547
-11327	-2023	-6420
-10758	-3234	-7497
-10289	-3419	-7496
-9399	-3794	-7919
-8702	-3948	-9490
-8521	-3915	-9460
-8394	-3889	-9355
-8171	-3842	-9241
-8268	-3803	-9826
-10337	-2171	-12363
-11795	187	-12537
-13276	759	-9969
-13310	534	-9810
-13299	645	-9796
-13317	685	-9508
-13308	777	-9441
-13334	602	-9292
-13334	337	-9096
-13338	114	-9061
-13328	-31	-9599
-11886	832	-12227
-8358	779	-13005
-7849	638	-12864
-8050	1412	-12770
-8102	1722	-12658
-8108	1654	-12691
-7862	1822	-12507
-8298	1493	-12842
-9589	256	-13280
-9576	-1352	-12921
-9152	-2092	-12540
-8304	-2438	-12082
-7834	-2437	-11869
-7712	-2427	-11806
-7639	-2466	-11724
-7575	-2562	-11576
-7997	-3017	-11287
-10216	-3653	-10320
-11711	-3073	-9708
-12256	-2553	-9714
-12523	-2231	-9495
-12975	-1461	-9502
-13265	-178	-9896
-13235	31	-10289
-13197	205	-10436
-13204	267	-10419
-13197	260	-10440
-12493	1686	-11325
-10944	2750	-11856
-9719	2971	-12025
-9388	2985	-12023
-9699	3014	-11988
-11546	2450	-11740
-13053	406	-10745
-13174	-666	-10159
-13073	-959	-10165
-12712	-1613	-10377
-12472	-1987	-10385
-11922	-2642	-10347
-11382	-3030	-10571
-10342	-3401	-10862
-9208	-3525	-10957
-8011	-3171	-11094
-6778	-2333	-10999
-6341	-1567	-11109
-6351	-851	-11504
-6435	-231	-11756
-6590	176	-11926
-6772	476	-12076
-6768	618	-12050
-6609	440	-11925
-6393	-474	-11673
-6835	-1990	-11410
-8432	-3197	-11241
-10702	-3164	-11051
-12071	-2204	-10746
-13000	-429	-10664
-12652	1801	-10749
-10730	3398	-11079
-8305	3358	-11249
-6723	2541	-10896
-6156	1858	-10772
-6189	1847	-10842
-7045	2699	-11106
-10895	3216	-11275
-12964	516	-10756
-12410	-1742	-10838
-10622	-3233	-10953
-9034	-3441	-11156
-7759	-2930	-11287
-7074	-2229	-11427
-6844	-1558	-11686
-6809	-1271	-11798
-6838	-1348	-11787
-6831	-1622	-11634
-6922	-2103	-11387
-8523	-3388	-10989
-11321	-3052	-10559
-12781	-981	-10612
-12139	1950	-11558
-9255	2907	-12027
-6459	1412	-11499
-5731	-43	-10810
-5714	-211	-10761
-6114	834	-11325
-8556	2337	-12391
-12045	1717	-11818
-13155	-147	-10157
-13059	-997	-8990
-12816	-1419	-7938
-12791	-1120	-7321
-12846	-1019	-7632
-13099	-836	-9288
-11772	-77	-12403
-8475	-520	-13098
-6599	-1614	-11557
-6248	-2165	-10370
-5934	-1998	-9268
-5761	-1635	-8703
-5653	-1215	-8331
-5439	-763	-9117
-6236	333	-11638
-10135	1750	-12784
-12898	1189	-10772
-13282	141	-9388
-13229	-231	-9304
-13158	82	-10374
-11697	1369	-12224
-8514	806	-13034
-5567	-846	-10089
-5637	-1238	-8410
-5895	-1300	-7705
-5915	-1295	-7648
-5512	-1004	-9117
-6469	337	-11918
-9581	1646	-12957
-11962	1460	-12038
-13058	1221	-10384
-13115	1431	-9551
-13209	1077	-9525
-13180	525	-9258
-12945	-613	-8723
-11878	-2754	-9033
-9303	-3848	-10079
-7715	-3136	-10914
-6929	-2371	-11127
-6599	-1811	-11232
-6513	-1526	-11298
-6446	-1449	-11257
-6438	-1493	-11222
-6717	-2249	-10941
-8554	-3542	-10618
-11789	-2594	-10577
-12623	1296	-11381
-9644	3165	-11713
-5961	602	-11093
-5750	-465	-10725
-5729	-912	-10463
-5764	-820	-10606
-5764	-584	-10726
-5721	-538	-10651
-6052	1058	-11067
-9156	3276	-11508
-12817	1254	-10668
-12477	-1765	-10501
-10508	-3319	-10866
-8034	-3219	-11051
-6827	-2123	-11236
-6451	-1021	-11481
-6477	-448	-11708
-6416	-253	-11673
-6418	-268	-11671
-6369	-418	-11597
-6481	-1073	-11550
-8603	-3164	-11295
-12244	-1831	-10996
-12365	1854	-11100
-9402	3329	-11497
-7093	2803	-10969
-6267	2168	-10554
-5981	1614	-10586
-5908	1419	-10604
-5938	1346	-10724
-5980	1386	-10779
-6231	1764	-10914
-8854	3507	-11127
-12991	1065	-10760
-12066	-2383	-10082
-10719	-3467	-10298
-9247	-3767	-10521
-8540	-3553	-10852
-9134	-3240	-11410
-10439	-2247	-12149
-10057	-224	-13162
-7005	-368	-12344
-5561	-728	-10124
-5397	-601	-8885
-5469	-547	-9878
-7770	42	-12778
-11589	319	-12554
-12981	-357	-10571
-12836	-917	-9188
-12952	-628	-9409
-12228	940	-11828
-8630	-562	-13025
-6243	-1580	-10992
-5610	-1324	-9048
-5669	-1307	-8445
-5740	-1403	-8301
-5624	-1267	-9423
-7446	214	-12588
-11459	1258	-12498
-12990	524	-10951
-13202	-22	-10165
-13210	-213	-9892
-13128	-605	-9807
-12332	271	-11825
-8731	-24	-13071
-5642	-913	-10223
-5498	-981	-9246
-5479	-916	-9024
-5524	-1084	-9032
-5539	-1131	-9017
-5544	-1138	-8937
-5550	-1136	-8850
-5547	-1123	-8808
-5544	-1098	-8753
-5538	-1070	-8720
-5528	-1047	-8726
-5531	-812	-9811
-7448	419	-12587
-11591	1463	-12302
-13178	809	-10366
-13318	214	-9630
-13321	115	-9586
-13324	170	-9649
-13320	172	-9681
-13320	155	-9676
-13321	151	-9676
-13320	155	-9690
-13173	509	-10299
-11153	1731	-12440
-7100	718	-12378
-5443	-364	-9866
-5467	-739	-8568
-5476	-872	-8743
-5496	-992	-8879
-5498	-973	-8800
-5506	-955	-8664
-5509	-948	-8620
-5512	-946	-8584
-5528	-949	-8500
-5526	-945	-8480
-5532	-952	-8463
-5538	-964	-8451
-5538	-964	-8449
-5567	-1054	-8476
-5588	-1189	-8607
-5516	-1004	-9455
-5406	223	-9664
-5472	956	-9518
-5403	229	-9698
-5408	-177	-9675
-5404	-337	-9578
-5397	-244	-9584
-5372	-163	-9412
-5362	-107	-9332
-5357	-13	-9288
-5354	-6	-9195
-5355	148	-9028
-5511	735	-8172
-6958	1554	-6290
-8504	1801	-5601
-7761	2539	-6434
-5596	1176	-9815
-5452	-736	-8681
-5430	-394	-8456
-5515	414	-7995
-5547	517	-7926
-5522	403	-7977
-5521	293	-7952
-5509	334	-8008
-5479	234	-8085
-5423	221	-8327
-5452	345	-8234
-5495	417	-8077
-5512	418	-8018
-5515	371	-7999
-5511	389	-8016
-5525	374	-7976
-5469	344	-8204
-5573	1355	-9295
-6517	2828	-9718
-7842	3810	-9446
-8766	4099	-9188
-9031	4132	-9164
-7548	3185	-10803
-5372	-141	-8979
-5416	-253	-8393
-5437	-98	-8236
-5447	-46	-8172
-5475	-94	-8083
-5436	216	-8286
-5537	1344	-9131
-6196	2465	-9835
-7097	3076	-10645
-8425	3508	-11171
-11043	3763	-9235
-12498	2569	-8727
-12784	2180	-8895
-12954	1610	-8336
-13098	1044	-8127
-13171	870	-8255
-13153	981	-8267
-13026	1719	-8681
-10306	2542	-12289
-7456	1113	-12496
-5659	-586	-10578
-6099	-2258	-8560
-6808	-2876	-8178
-6900	-3040	-8492
-6880	-3068	-8715
-6933	-3124	-8895
-6983	-3161	-9113
-7008	-3176	-9134
-6999	-3168	-9099
-7005	-3172	-9084
-6969	-3146	-9096
-7008	-2695	-10728
-7299	1248	-12267
-7269	3214	-10482
-6909	3148	-9927
-6939	3124	-10094
-6871	3046	-10159
-6857	3013	-10214
-6829	2982	-10229
-6816	2955	-10267
-6824	2937	-10323
-6819	2936	-10325
-6814	2927	-10331
-6825	2937	-10333
-6835	2947	-10329
-6838	2949	-10323
-6835	2945	-10330
-6819	2930	-10330
-6847	2875	-10493
-7601	1059	-12429
-6527	-2195	-10756
-6343	-2558	-9354
-6493	-2703	-9472
-6563	-2778	-9444
-6596	-2825	-9264
-6603	-2838	-9207
-6582	-2818	-9193
-6560	-2796	-9181
-6454	-2695	-9006
-6412	-2648	-8870
-6465	-2700	-8854
-6487	-2718	-8813
-6490	-2715	-8765
-6469	-2686	-8718
-6431	-2641	-8684
-6421	-2650	-8887
-6503	-2101	-10799
-6691	918	-11954
-6596	2001	-11237
-6611	2532	-10617
-6527	2671	-10161
-6451	2594	-10128
-6452	2612	-10089
-6482	2677	-10016
-6511	2704	-10028
-6510	2706	-10020
-6503	2699	-10012
-6529	2725	-10020
-6969	2919	-10520
-8531	1043	-12848
-6848	-2178	-11210
-6482	-2498	-10121
-6310	-2440	-9675
-6105	-2225	-9517
-6137	-2277	-9458
-6150	-2308	-9316
-6114	-2265	-9189
-6089	-2232	-9073
-6015	-2115	-8983
-5984	-2056	-8824
-5976	-2028	-8778
-6015	-2092	-9223
-6190	-1001	-11202
-6445	1855	-11112
-6187	2209	-10153
-5968	1990	-9820
-5898	1814	-9913
-5901	1755	-10037
-5894	1717	-10085
-5899	1745	-10064
-5925	1800	-10067
-5938	1811	-10099
-6036	1862	-10311
-7162	133	-12405
-6105	-1925	-10086
-5750	-1654	-8966
-5577	-1263	-9405
-5482	-912	-9597
-5437	-820	-9344
-5427	-795	-9129
-5404	-701	-9059
-5370	-509	-8978
-5362	-425	-8886
-5393	-470	-8638
-5440	-483	-8356
-5509	-427	-8042
-5577	-474	-7847
-5596	-533	-7809
-5478	-498	-8215
-6187	286	-11488
-10648	1032	-12893
-13096	746	-10529
-13304	287	-9752
-13164	322	-10447
-10424	827	-12956
-6350	118	-11729
-5352	-344	-8953
-5436	-421	-8328
-5404	-371	-8490
-6721	938	-11919
-11716	1606	-12170
-13227	574	-10172
-13312	400	-9544
-13307	382	-9634
-13315	287	-9548
-13315	275	-9510
-13213	258	-10169
-10931	502	-12835
-6926	-195	-12269
-5421	-734	-9002
-5606	-1065	-8242
-5704	-1135	-7961
-5506	-902	-8560
-6068	267	-11287
-10470	1516	-12800
-12846	1099	-10939
-13334	195	-9580
-13310	-75	-9551
-12482	821	-11594
-9022	959	-13026
-5842	-405	-10947
-5503	-995	-8771
-5437	-750	-8832
-6435	232	-11820
-11362	1137	-12491
-13238	108	-10280
-13312	-79	-9458
-13307	46	-9598
-13310	126	-9714
-13308	173	-9711
-13308	191	-9721
-13304	141	-9774
-12682	326	-11456
-8715	110	-13092
-5555	-586	-10205
-5643	-1417	-8784
-5754	-1614	-8526
-5537	-1175	-9046
-6648	596	-11976
-11248	1361	-12566
-13238	207	-10167
-13291	-110	-9776
-12866	564	-11182
-9625	1241	-13038
-5944	-28	-11156
-5465	-953	-9020
-5765	-294	-10782
-8888	1277	-12998
-12899	926	-11011
-13304	-38	-9563
-13305	-98	-9458
-13314	-29	-9521
-13315	-21	-9497
-13315	-14	-9482
-13317	-3	-9475
-13314	-13	-9455
-13315	-27	-9452
-13312	-40	-9428
-13305	179	-9272
-12411	2637	-9985
-8533	3834	-10271
-6212	2315	-10165
-6523	2593	-10392
-9651	3771	-10706
-13160	1222	-10116
-13232	-500	-9553
-13262	-165	-9351
-12204	2914	-9706
-8844	3960	-10060
-6762	2934	-10188
-6516	2634	-10306
-7915	3581	-10401
